600 1782
0 66523.76652400027 908538.5077600215
1 830495.1308696243 74266.80336661095
2 10586.554082255285 690879.8375800049
3 915.7050015510259 988820.5286080142
4 670926.482278518 312887.75710793014
5 530632.7744449908 290538.5536597047
6 280672.3996668883 368220.487202107
7 928865.7887427027 196039.4090588039
8 387679.01285949524 932699.3151112772
9 77789.09530241785 655811.5507616521
10 837671.7588853441 818834.2983007936
11 865273.9504571457 850894.2488753313
12 498778.9841258173 144299.0879476017
13 253622.0862166435 522557.16224616766
14 787971.4149469731 246289.87129230928
15 450059.5834465086 519796.1338110024
16 418416.3191917183 971282.0810107898
17 518215.0797785905 319079.9248841053
18 460668.2645821624 275737.20299569995
19 625446.1458559929 89785.43153734131
20 236322.78336008074 461608.3152796243
21 291311.18959178135 320969.17628406076
22 66462.2238542717 267120.77896483586
23 935884.8758308454 347270.2032696318
24 535618.2476189067 347298.9582298173
25 127601.49210547411 773829.1517705374
26 938399.5322311904 72589.29035234729
27 899819.6859541708 59134.364006452444
28 322645.8857805415 142109.37531089853
29 833384.8660480176 488713.26316742715
30 601376.84860179 376210.36505828396
31 838663.2954109802 798031.8034220453
32 731243.2822657846 443307.5883906822
33 333952.6723559438 577669.0498170623
34 263489.8858986723 602766.1520686488
35 9404.162383906623 457992.361806231
36 863085.3687747852 386179.1247585169
37 634367.6641374449 131875.94142395374
38 751462.5470027137 678872.8412465042
39 678074.1004518898 213091.1952030128
40 584322.9314209854 160396.80042588068
41 713968.961284503 322537.70030185324
42 864826.16766029 527734.4474192638
43 673050.3962593714 784144.2480641496
44 216951.49426648518 865688.7777907286
45 988302.4762660316 106916.04297337742
46 667359.2353546099 643201.3828835457
47 948997.9467745994 373260.0749510765
48 616027.7203022043 48543.47595189279
49 205931.9017317568 558369.355173842
50 572610.1966303444 208047.65210755315
51 279527.6559952741 816931.8416757345
52 837227.119158345 125626.46763999818
53 14055.326312264138 976474.005136965
54 776355.8636899941 21816.31351445823
55 159270.7324203969 314760.6411772527
56 178666.76527463298 967082.4014602503
57 439096.54528642294 603895.6366562457
58 287672.26289814373 955910.7557567287
59 206274.92828652615 795663.956787116
60 541806.4981897993 765039.6484437168
61 850727.5631565377 839012.1321111701
62 663023.881961679 857453.217079679
63 623260.7990574718 142039.6763413756
64 686952.8684328534 919629.7862424324
65 8181.161909852963 250241.15409506075
66 357294.5714302296 953362.4317932363
67 447495.20200218074 995309.5208879039
68 96336.90338811307 872643.3826877038
69 736142.6348379105 418460.5000993501
70 976078.4255057452 414888.7343218688
71 930844.3812130622 550291.4794907902
72 346217.10861160036 254657.48433736037
73 118813.10685023616 444420.7029305529
74 131166.05644145317 466079.48992493807
75 666705.2043131612 163671.51931751313
76 158727.81383185997 272536.7641433851
77 13644.946225006228 303200.51701715676
78 460691.3967562776 389613.6287076606
79 994063.5493024782 963523.3407178606
80 860701.6246273557 133128.7360381377
81 179919.67648621698 451735.78418474435
82 556047.4721988929 274496.7430995867
83 929687.0871943713 496561.4392971629
84 324595.6374241333 287593.50781497016
85 345177.0777903087 213607.9574290767
86 834479.3048201326 504363.5364977104
87 256255.26576319736 524679.698384049
88 446270.03955990705 8053.346918746484
89 261063.9017598918 604427.9818896031
90 283418.3022068427 368993.76135641546
91 627655.294345299 47835.120711331445
92 77788.41442828189 813218.6110195946
93 501632.0631288653 59297.307784761164
94 862340.8505292876 460613.3052107182
95 997950.6447817734 615356.0560129515
96 376775.6294525603 409750.4473648442
97 749436.0124814481 619735.9710985868
98 884191.0985711422 148582.0072336912
99 686996.0823444967 459049.37862918485
100 57791.48609771456 317537.2812274496
101 964989.9392619795 854894.6353028374
102 557975.4755479753 72476.1798199266
103 579555.3356386754 704898.4874559565
104 911407.3690284395 171211.38484324538
105 379486.0227251956 873125.3601637774
106 638075.687423344 5935.363729374421
107 863996.5028610138 136216.51435903003
108 798749.6547211732 16519.94691177805
109 452709.7790961685 575901.3330623963
110 139217.64249481994 59318.26612819391
111 559172.8216160173 453077.69071202766
112 992302.1981643422 508574.25658133905
113 350234.33954970527 459306.4401548318
114 19902.807742187444 785193.8183834789
115 577311.299692475 6368.838246180952
116 792458.4828974605 388760.95018584945
117 822296.6098417796 748792.7378403161
118 36662.869560577295 256183.11174177387
119 649672.9379397563 635657.3006784541
120 545900.0535492428 16900.302664383136
121 877824.9795505279 146376.74687514047
122 675599.8996125433 670146.759175766
123 642979.953482201 677941.9500971142
124 702329.4112325793 105624.54287633316
125 662781.3293594421 973915.9198424572
126 535299.4117277315 385125.39121950674
127 711078.7229950503 276915.41892793827
128 977397.7090212137 114237.15162096049
129 101251.75015210564 472101.24763684714
130 524853.4938013837 956441.6020151823
131 133187.52513549093 51182.24424219109
132 768171.8201690833 392505.8548340118
133 726371.8051571193 25298.21491776241
134 106895.32816307212 126896.78264845439
135 571542.5540559532 976526.8352616897
136 565252.0589456628 415701.0954306528
137 121094.45499772653 379902.0260033158
138 890056.6193614607 86901.96299531905
139 356245.71523805335 795483.9056054172
140 308808.80355247256 520481.42957769375
141 359720.2969896989 204234.07243053615
142 429147.48064682615 250363.98587886323
143 570379.4596176262 955132.6478324936
144 932035.1243980845 24934.018171996253
145 250738.78885515354 3120.301018301852
146 587954.8928789083 976506.0357804118
147 775942.3417866332 433123.5467661592
148 215320.14051091232 465775.5176653264
149 980813.3309883435 140269.4541628615
150 939591.0312674223 889942.2478789086
151 419054.0747875595 665750.3451317146
152 975866.4386676216 591669.3099347538
153 967372.0683437311 809822.218798632
154 90690.46667119807 169165.62306181714
155 191365.53123301902 766928.8491997019
156 896228.7955602617 323571.16868201894
157 84456.08760365265 138028.09701152018
158 738068.7159411934 308139.9028419134
159 15908.772772681323 308485.5417113611
160 922869.49673691 539151.4124894027
161 410616.22825147223 551826.3445109304
162 556539.5613032535 531902.6620732051
163 903879.7973379978 429179.37398369744
164 940714.2017998494 922499.4134738182
165 285364.71630554163 65341.519222868796
166 592470.5416068241 946379.9826243771
167 560647.7788600944 412091.5974719598
168 517165.72303905484 944184.7911756157
169 700527.9870507458 594883.7979686006
170 260961.63167121977 189841.1268575665
171 869209.9359190359 885060.9824379559
172 107576.61780667293 229960.8413296862
173 509581.43429766054 244199.14669393416
174 249764.59850801202 754396.6473585346
175 448551.6869731514 131159.86101234256
176 404530.3927897241 399544.8075449154
177 227315.49184257715 579943.1722348862
178 272409.93586224713 209218.69061336163
179 733723.9643103143 443575.3462688441
180 139885.3033651063 560226.0304699895
181 34557.39151657777 696709.0905002493
182 571778.078956074 600587.0063061146
183 893219.8584447954 218969.9198691527
184 741416.2365218318 848031.4233834342
185 718916.79312868 645355.6510954548
186 665246.9234038829 812070.0004735265
187 77904.03238703692 833752.7062703874
188 124081.9633052893 30394.043355682963
189 784720.3155956216 921441.5418641024
190 460722.8982411884 641281.1728571226
191 518829.20746702823 100795.3361341577
192 308581.41418750887 392965.8903075317
193 714594.4425487168 59752.86578534533
194 881200.7992990612 408671.03607101296
195 137423.69735023042 787222.5007219762
196 359661.0443757331 654797.5607522549
197 590341.3930370028 30275.24710876295
198 143372.74525972633 885541.1948640062
199 108730.04389402452 563101.7648184951
200 177962.39906073053 576463.6422564813
201 649508.2685133719 345970.6128971203
202 465078.8305895575 567892.8946602498
203 429085.64651932055 694565.7640854123
204 49700.65526205758 657232.5961693933
205 396571.41560687026 240966.70703032418
206 86164.79074390215 441220.41340852337
207 754672.5130884951 366041.91864047706
208 639947.707174634 352289.846493441
209 357561.0097616244 547861.4866163133
210 757791.9723888125 345562.3678282719
211 394005.7132291573 702417.3469041551
212 66922.97912531687 834305.9118592882
213 858039.2493294523 712857.0594826478
214 380468.89620289905 526938.0086342343
215 175056.60621807596 245391.666138138
216 598048.6797645125 681945.1750775111
217 27817.17341537582 127156.96367560091
218 251400.61460413542 713158.1162788388
219 764950.4182667105 66830.18656678441
220 64878.26621897697 822130.4245857036
221 900952.4129475603 301029.2622339322
222 39018.8222329273 801176.5221643754
223 204101.1898859165 441359.00674642756
224 639466.4231246872 123281.60591314718
225 755543.2649029142 973644.1810550744
226 826326.8541787456 306785.37422326324
227 590195.2718080222 461317.4600202767
228 584724.8754578666 60466.85697840393
229 669851.6447588014 100866.26338143456
230 724613.139548656 254024.9070183036
231 690313.1354928267 99825.59543795545
232 566664.9071517332 99789.81979275326
233 22440.975607252443 195665.5511140002
234 438408.25585121126 620734.2749756355
235 962529.395241058 588835.0444545327
236 2299.9256593799755 294821.0489914541
237 173112.30358205465 522683.09518345015
238 962146.5481032784 478585.55938591174
239 713844.7966637143 343784.9992370592
240 585591.7031496286 338027.12378605205
241 601355.3855403366 31211.41443934583
242 477880.4631465087 326153.44711179653
243 841536.5970104174 454805.763693369
244 224757.4291348854 249393.40284242172
245 691454.4523810997 962986.1035558988
246 661636.6190427468 535054.0626161513
247 656236.1391222643 99346.56878311254
248 61273.10589396473 504540.53739416617
249 743257.2015265463 89584.09435526127
250 825645.5938652629 328052.61009369267
251 380918.34785739897 743281.9684055658
252 300629.6451858879 127592.80286650998
253 694352.8959266372 388692.62756327225
254 219939.40347454476 504445.6330502419
255 843154.9633916616 814312.5724393117
256 813736.8702714222 410593.58748194785
257 927279.3595201194 15676.683195736563
258 902380.8204721576 476366.0891630622
259 581508.3047495141 539043.8072815108
260 298214.7922640076 411004.68813133496
261 220729.21064074425 162260.53139013407
262 167336.53809598982 879583.1485937784
263 414019.70829954406 272727.9577882965
264 142616.3287221921 811533.4029002369
265 435073.47733905475 942713.5528050254
266 55702.3154968761 936092.5689235636
267 855017.1514761752 48582.53276327151
268 967493.6108645631 70125.93342404549
269 730167.0417982353 213472.05955116678
270 191263.7278557866 709817.5515861594
271 612277.9753827051 96137.45370634808
272 329033.4571235235 323842.8024150365
273 92217.49618691932 440541.1255920184
274 113615.92316830438 172796.986965574
275 563441.4712206057 48285.82235078871
276 56371.99501604362 355078.29633113684
277 213902.25613730928 852238.9408899614
278 98284.23787827301 61322.98583122664
279 727531.381484442 883312.7002680029
280 514388.3178168036 236572.27697575768
281 979689.5313983632 226832.66648739143
282 693599.1338683649 620647.9200089094
283 999318.6400396995 604979.3385395304
284 542858.4574730648 87614.57373342574
285 520913.16332643555 695325.0533781189
286 120770.64366801427 562693.340506712
287 808924.7870437797 292305.09922212776
288 946449.2837363785 224074.59881369706
289 914524.4019560895 126117.20638015156
290 718754.5620189164 386298.8608376272
291 795561.6205445133 391171.7970428381
292 128636.50630585199 601653.0248540012
293 345351.0162367047 187694.67205545577
294 457299.5820199104 179108.0649963761
295 286137.13345970784 818460.7035065785
296 694100.3185711852 481116.3559792411
297 773141.119028246 611473.7273097934
298 826738.6247092034 791056.902320493
299 132695.15946426048 496694.75203978864
300 341840.58401806996 534481.2134991667
301 128008.41812865682 892414.4026582801
302 545576.886328437 582199.668964062
303 156958.8351986526 73390.83309463768
304 525364.7740394436 174412.06811640787
305 578494.4795077774 998843.1764906165
306 213316.04119722047 934496.887348331
307 596900.8013877784 377978.03681143036
308 818865.9596200248 623220.7712006897
309 975757.8647220216 361488.5663663815
310 298941.061719073 266093.3619278376
311 693662.9536189081 695558.0396086032
312 36511.869572748656 339437.73298822565
313 887336.0867136208 938266.4115933425
314 190018.12038850941 283005.61467225116
315 204544.55197557132 292034.25951850135
316 161507.675127308 449447.2548404147
317 409971.03238276887 456740.56545518327
318 713818.5598601997 920567.6531438053
319 956149.881695974 27691.592192346292
320 718428.8764000037 251837.4056733308
321 545449.0226811215 210869.1292252468
322 367369.97807462735 648304.6866983736
323 162179.31806114438 555661.4985813376
324 265563.12992646045 504660.68969467405
325 232089.8019943993 136280.77650426707
326 912063.4979144601 351883.07616777637
327 249236.90143753562 274771.094266025
328 549434.686897397 139308.09886312322
329 298202.4040700711 886.5357320099188
330 199374.1649056434 778873.3493927153
331 119134.69108003083 380003.47795265954
332 148664.178817153 98367.83290762475
333 725771.2622056232 559324.152786815
334 942743.4959637675 619156.9865689162
335 486647.7633013772 758480.432369055
336 916821.7366185009 315492.930910453
337 525207.4092968326 709184.8977906886
338 604695.8390219394 182294.39120355406
339 129308.55389577789 331065.48879383644
340 898945.2572114283 937053.2672110914
341 14319.842554768147 216171.65555392313
342 340275.113612731 953164.5121935253
343 124316.83039393037 445364.0414095039
344 820558.0884526076 437948.01406772697
345 801960.5815141437 169597.94990937138
346 536816.764699665 740823.0348952839
347 128652.38156905235 457345.5497921606
348 343017.25679259875 879706.4959654424
349 113116.71160487247 503676.2687997204
350 384171.38503115124 363911.6859689274
351 832951.2407422262 42347.98577661003
352 95985.393166363 355347.1681863253
353 316230.09514849796 81132.9149219816
354 65099.22346579122 842116.8125212749
355 12646.123249214214 254773.5252298009
356 793633.6304582343 401771.9816760603
357 764262.3861564077 368983.5947226945
358 683805.7961429696 924480.8716425756
359 454193.1927479691 350179.01043504995
360 575780.6684617739 245540.79854838416
361 926305.940084963 803909.643539015
362 21477.648805563244 632569.5113966361
363 372068.5466409045 142357.99249169012
364 646010.5090053428 61284.04965676992
365 330277.83301368105 801200.4199012773
366 636424.9326819708 976160.3786448865
367 694410.5898089866 900467.8443860415
368 651613.9267579512 916914.1600311443
369 372243.2204872421 148304.01690388462
370 285768.2808780825 739101.0179819601
371 888407.3219583621 405771.82574959757
372 391709.6310451371 855555.8340395616
373 626987.8425141295 836781.9728350448
374 876638.5030720624 597309.2600037504
375 61516.027476585354 306881.487290519
376 822718.3211339603 284110.94434572925
377 115289.61340989252 606366.565313737
378 614178.1964227498 212137.7685039094
379 550145.072897244 9112.159734024794
380 414788.7423909834 508003.9666424062
381 390723.77261059807 399860.6462508756
382 265263.68327230634 59871.29261241364
383 105375.46399314978 912138.3737680953
384 518063.7392056883 811009.4235394269
385 574621.6680654548 128559.42898234907
386 203066.83088446676 314649.4115178607
387 990295.1607318419 817639.0138143451
388 228340.4965111846 928466.1643021514
389 981336.7145423319 16652.61928885953
390 797355.4829803712 136600.0828417796
391 528.7910357308912 831999.071171877
392 732636.0342776022 530059.0367913884
393 984079.3851991976 23159.374043190463
394 411385.6588916361 667286.4131924815
395 734877.3531899427 430964.6804657188
396 581339.6578483458 52609.76424347574
397 946684.7829914623 724408.3465343241
398 473400.3924931356 39776.39344954187
399 461521.1066371856 335112.33493579016
400 127089.28868859514 112585.04673540947
401 308890.9098466104 83572.0242886423
402 278419.4362729742 801465.1419275106
403 496994.97134369885 425384.8056655534
404 695981.7838143453 528302.4148073237
405 278939.86095946043 336979.82315923116
406 789047.3575576071 989055.544862626
407 463034.09619849524 649630.7064100967
408 406418.2097274017 529310.4777957783
409 118009.51777721502 755937.568124217
410 209967.6976523709 871661.0688016228
411 324747.225603214 953646.6306997328
412 563753.8667961205 265200.316862329
413 236041.95567177955 886466.9061792191
414 592992.8110237999 876535.984885747
415 715821.5052971133 203302.67365172174
416 95727.15548909162 464985.6262175439
417 356422.37957876746 897592.8919468892
418 519955.82598520594 229186.8671610282
419 850736.6469604337 607954.61167219
420 522161.09859841096 610123.646807926
421 791863.2362928623 817754.3782766955
422 688768.9456502199 15408.390760146329
423 764329.5238985162 377991.93983927305
424 380195.92955123517 300494.0263525912
425 153532.50026710273 775496.678257113
426 397083.04338359967 975515.1319272841
427 695181.3786380109 688687.4249037816
428 28182.58890386871 622568.1700206671
429 986634.3431642178 881378.1777370016
430 875019.9951896502 535291.608461749
431 121130.22615547797 954430.9979371068
432 368394.300990044 307820.12598694966
433 393660.8566786556 281186.94063569425
434 82222.76095443226 884813.1418076112
435 851388.704373612 700270.7178673311
436 159217.0613601266 796171.4949890545
437 823500.5283483558 275283.27709120326
438 81071.89716910823 626507.6315993726
439 619024.1671039239 462378.95596013643
440 563085.0777830936 316876.33977467066
441 875525.3798946305 828970.1047441489
442 745782.4172597303 262176.6184770369
443 908869.8436700116 380584.8383172535
444 760713.8787476326 201114.57769574935
445 752104.8593171139 975986.3292066234
446 782707.6930643714 758237.3486368603
447 902065.0064021699 228669.00557033287
448 85020.84027998146 22555.980516665408
449 928368.9227468924 80872.35814236016
450 728981.5732052918 143404.26987868638
451 244594.34885614205 786267.1167007863
452 197209.42117896368 625447.2903373209
453 103046.46168256903 982599.2886807581
454 854012.0954377591 881570.0297131425
455 783028.0658198989 517799.6277966812
456 668839.0447137633 609173.3236860777
457 586967.8806408333 354701.7990361728
458 902411.1345808767 414583.8526772346
459 502660.9081224456 160890.6298045275
460 105468.73087396724 45023.65924494378
461 687719.110076722 240263.0308609195
462 141297.3638181674 563474.1574879542
463 56120.144524539064 886317.7574559761
464 475783.23944556265 328824.1371479362
465 141260.19339944463 727997.9523228552
466 180729.27405020455 669694.8656943928
467 718357.1771637893 296395.029394229
468 679782.9002167467 67789.20106131148
469 832715.5016650074 442049.3410620052
470 826960.3225292051 49253.85500240265
471 462957.04181629815 502932.22734090884
472 815191.3435135 399692.9971105371
473 356511.6544268939 221998.88410770174
474 55464.01363941245 512890.5144851003
475 344117.28437547426 109842.3428387404
476 382988.89899740607 952731.2976831498
477 867403.2322828989 679064.3269175286
478 286260.7159045432 26923.606278981828
479 814832.1455984769 727811.1276237312
480 949370.3333944372 105986.56025733355
481 945050.3889585998 608497.3656135618
482 549361.8843589078 599183.1280346125
483 88117.0937237703 426411.6975484874
484 405700.0600234896 464858.25395576755
485 423954.32227963617 542576.2227741564
486 953048.401475544 27666.175940108118
487 695502.5684375177 202977.4333448986
488 886782.8253329467 726682.7077885008
489 927480.8012665864 167529.4053497314
490 460909.15344382275 936018.9663500043
491 274730.00768079737 662172.6893828118
492 881037.3720477049 422174.3911732538
493 440011.6520123645 829859.2889006446
494 605244.3439253853 940415.0868707282
495 567477.926020771 998579.2814083375
496 567931.8665777516 648403.1225925446
497 861151.5075227529 59881.135845946235
498 45796.83662864531 778310.681485944
499 292266.67532481556 866847.7641215622
500 329279.4060905169 656882.7143096025
501 699752.3630295804 625955.4594361986
502 224411.56188835154 637753.279800543
503 892293.6354935783 534984.5555679132
504 766260.1296682842 412652.7854979598
505 630150.4154453033 835453.3524758529
506 104353.09932224346 541990.7642976581
507 852310.0643932462 712022.5251554509
508 744284.6438023916 771900.5086441229
509 585640.3790648539 761245.4999331472
510 969295.8310682881 485548.9300254304
511 876565.3310925068 617279.281120466
512 128842.63496844839 476153.3938337967
513 721579.6146142705 101314.4023420095
514 587039.5972233197 486020.9059749526
515 899865.8379064769 429956.9095182127
516 881967.3315091291 716176.302668293
517 787053.9097878964 791007.6180883503
518 41474.214478346425 301525.1652592996
519 803096.8911337618 917585.7916485982
520 22533.167175115 596158.9617473771
521 715921.0491096022 208812.42408174317
522 919800.991691009 960774.9529344352
523 591692.3626645632 581568.9921466302
524 88857.24200351919 856411.3257792465
525 907411.4821294473 927672.6709470978
526 556489.110527202 946420.7116164378
527 961789.8973976085 18741.055046684774
528 338161.23061280965 356275.5745861822
529 831437.1677440894 199488.97043772228
530 884175.7137453759 445985.60033943993
531 674702.8167704411 334366.1075021035
532 810281.0007008016 927117.150838974
533 92712.75153988578 298219.7117958151
534 305134.2910524222 637996.5930706307
535 827659.5724320239 720648.8007804086
536 158745.2136461307 75366.18314268984
537 294641.7623237282 74467.78152281087
538 35159.34244257668 746341.9641190682
539 650352.7079882075 806098.4910544219
540 108280.389630527 480272.2029645854
541 276915.9541241958 464373.9476260081
542 410205.6590934641 828885.2046359684
543 189608.6158466761 936834.5488496257
544 356544.90679184615 989310.0676661627
545 901486.8938052105 313570.6308276046
546 274277.5375492671 63777.06635713831
547 919133.3790379892 960979.5049795489
548 839539.322243388 768480.0726850438
549 368929.0154411826 394647.59931163175
550 700459.3392986256 374006.7894713777
551 122213.39071336944 348452.4615349257
552 343328.3381159538 175635.63661080116
553 989434.4663116133 191340.82778862404
554 894012.5977324534 892305.2132393295
555 740172.3716735435 538394.4582844437
556 149522.18528804096 571993.0257913369
557 907462.9788305849 7557.246797329831
558 301444.4985381163 147381.5402678642
559 164466.54300200404 32692.936104725344
560 812830.6430039629 59150.81496100116
561 326033.15353466343 285980.449504034
562 803616.0846528874 16327.145249713903
563 995087.7367259093 25028.008433136016
564 338024.8817359013 486933.52970706514
565 717438.6016894843 839502.0812633149
566 710770.700796397 729212.4278745535
567 429431.57871761575 706018.2239734499
568 775245.2763583141 195155.22852450772
569 373480.3125366518 408250.89265058923
570 156282.7542083407 798247.1226280659
571 660270.2097210949 404348.8498053758
572 742076.0223068882 449186.8647656887
573 853229.3250463948 764136.6653630883
574 572831.1067390244 164619.26971045972
575 875877.4234671708 437049.24886424525
576 364472.6579070764 786654.6183335698
577 961411.2522845378 759715.6563349866
578 30740.88996765767 161043.20671549244
579 908099.9689493487 518785.4701798543
580 349854.63181724417 410334.7711184686
581 846599.5307247275 768778.5515220829
582 930571.1855848206 341415.3426785451
583 698305.0671475506 694134.6879228379
584 381838.61010579014 519184.14861658093
585 739355.7640813347 650265.7992040465
586 868041.1856718349 738426.5255104209
587 485111.0807613654 34148.79166069917
588 958218.199444915 915275.1978018616
589 816959.7334334562 886419.9886961321
590 986252.9339721841 310524.56450592825
591 295000.1974503197 278660.0508874264
592 293470.7803396053 972086.2092615404
593 525763.2820711742 898284.956156828
594 411789.61054315866 5800.99772360132
595 304758.5370989869 62190.32813077186
596 329915.6288873116 61503.04924069938
597 56505.26625924468 393528.0676568403
598 644564.2490403502 672509.6473179206
599 262047.47881331024 993001.2532780154
79 387 963063.6931317295
79 283 547324.2457580589
387 283 467147.8547521406
35 2 687825.0291580227
35 391 909367.9575459387
2 391 81714.90113754586
2 114 492087.2754686099
114 391 603271.270392409
181 2 874071.6983566593
181 204 267755.25292486144
2 204 205992.42049366716
520 2 183621.5800584726
520 35 948269.7937537158
477 334 763387.9355387099
477 397 561828.4139452806
334 397 846153.1411855198
392 455 819800.6643710898
392 555 797164.783261348
455 555 448471.9295516235
106 115 765779.352577688
106 329 782636.7479871884
115 329 20742.503027125993
115 594 107851.88038772231
594 329 775725.8746218359
379 115 413555.8078014113
379 120 735874.1339747098
115 120 143338.58519179389
428 438 948559.8083265283
428 204 272948.4463119203
438 204 478586.5284726456
428 520 97075.19451816827
520 438 256563.37884402293
520 199 962008.9360030483
199 438 602440.8235008029
335 285 868626.2388151727
335 337 739102.7373216202
285 337 567627.0272718294
278 217 891228.5882790023
278 448 530154.1376089865
217 448 253591.74924547956
236 35 65254.737207183
236 391 631677.1198113183
312 597 906170.5740508406
312 35 336143.56599106896
597 35 247281.0150672775
55 76 877809.6094675967
55 314 6168.1689640079585
76 314 830905.262343227
393 389 107983.65542787858
393 563 535638.5981934578
389 563 775482.66281572
334 95 900770.0990615293
95 397 407273.98282060743
95 577 474102.26337622054
577 397 859137.0882903534
387 95 388250.1879191883
95 283 90453.14833878481
577 387 591775.3176534049
577 488 918958.8030639777
488 397 161090.7430917593
511 477 623889.0302873639
511 419 51179.14171289817
477 419 396164.9915844072
511 334 167094.91285399225
414 62 920167.7588960296
414 368 851039.9807994157
62 368 1985.474735024084
184 589 400358.57423767605
184 189 38123.064259138475
589 189 487092.8928714856
589 421 93667.68767460731
184 421 908667.2662768814
406 225 975085.10150541
406 189 510688.4452825158
225 189 550608.1569022497
225 318 913785.9877750521
318 189 669568.2036545889
86 455 601488.2942812025
86 29 559712.4264035462
455 29 315926.92566148896
478 145 168877.89864148406
478 329 18155.276013786526
145 329 987036.5828871449
325 252 853395.5700195594
325 558 436654.1084696338
252 558 225495.96974754095
252 546 541975.8096305492
325 546 672143.829024288
594 88 800797.0831421026
594 398 400497.72698652063
88 398 665524.5982080081
115 88 211160.4378641595
88 379 857157.9784756423
114 538 976987.30816293
114 498 426912.27693224733
538 498 718693.2164041125
538 2 867789.6210332946
181 538 527745.0246330533
9 181 644344.4776417044
9 204 454975.4991472557
438 9 390383.8278009947
2 362 978093.4734739822
362 204 99849.1437975878
362 428 624716.4790130586
520 362 505150.9790790647
452 177 980850.8516100163
452 502 37625.09317811857
177 502 484534.5256532806
199 377 990849.8639829514
377 438 701483.0976457137
377 292 123853.17520059913
199 292 619955.9971209249
377 9 908131.5939997822
199 286 579810.6253796875
286 292 572996.0563510668
523 302 34802.30866649081
523 259 901051.453359021
302 259 670504.7047657362
246 523 872576.277870969
246 259 181525.28691414493
302 162 256280.35567629593
162 259 324842.24526433856
169 246 556271.4858100616
169 404 467247.2614976747
246 404 980114.3969821775
567 335 778133.7088346356
567 251 942787.284279228
335 251 311817.2276108475
285 567 382495.0250842427
285 203 117399.04268340995
567 203 994591.9903067376
407 285 255322.5322960877
407 203 165333.9284416996
285 103 878846.5343081933
103 337 102968.41829761639
216 103 766445.084891622
216 496 610280.99950708
103 496 884071.4046224484
285 496 664204.8364584898
335 60 907510.1283459713
335 384 222698.7474652097
60 384 307162.46757560637
60 509 78279.83878474787
509 384 508763.91159113054
145 188 843397.1746200903
145 448 100179.51713639217
188 448 59773.24178108934
559 188 975252.6368912893
559 145 771098.4198692794
170 325 432391.0677039637
170 558 727623.4927961588
597 276 983572.3508982222
597 352 959323.7999794913
276 352 123728.36006361732
276 312 604844.9107087718
6 260 900875.1684103267
6 223 747874.3225018483
260 223 444658.4106967111
260 113 785505.0749482318
260 541 750261.2644472192
113 541 670077.1498244614
113 580 989015.3401665895
260 580 826235.6928709641
386 6 48587.02453022145
386 223 830428.9542674872
386 55 395501.21564159356
386 314 254909.35271617433
533 76 339919.85136290523
533 55 636073.0350040453
533 375 481628.79155042314
533 22 191089.03652420783
375 22 183681.3129242647
375 518 270955.9289407304
518 22 284615.9159482412
518 118 405146.7757582372
118 22 479182.87675332936
215 244 221291.62492485077
215 314 381623.1895268043
244 314 380357.1787701225
76 215 214470.88157700666
191 284 977530.8431364199
191 328 129420.89156224379
284 328 999745.6880663504
235 71 148922.15017917388
235 112 758725.2628238136
71 112 713099.4121491902
516 477 964977.7056090138
516 397 575671.7111807822
488 516 113618.54067312072
511 374 934014.6058418055
374 334 439832.92481398286
374 419 621495.7607824617
61 589 386634.6872027585
61 421 355102.13561338733
494 414 637780.7264804612
494 368 841770.2517039352
494 166 257079.7621820876
166 414 427140.78524250543
494 146 203466.4310415466
146 166 796148.4122135522
373 62 424551.2278243716
373 414 999368.1865866361
62 505 967952.5734840721
373 505 517775.661197926
373 384 223582.3854654817
414 384 720633.3988742891
509 373 526724.5075138775
373 539 453527.30635016836
509 539 375754.3575442902
505 539 653657.4583224581
318 279 771611.6768032045
279 189 48152.70758151846
279 184 981342.0068878466
186 505 961264.8378863701
186 539 291403.3087806219
186 62 984284.1263317879
553 45 885162.9197219737
553 563 672061.5397784106
45 563 538550.9833180872
553 283 94922.83176483052
563 283 751228.1322759362
112 553 868583.8578840871
112 283 427306.97832789586
553 288 483015.4242294622
553 7 38768.99396731459
288 7 222953.62589479896
288 281 382004.8672487863
553 281 716213.271260245
572 455 686335.5875893591
572 392 334862.97948421154
4 41 518716.77820798603
4 531 410888.4957874486
41 531 476728.0064972752
478 382 170593.0877483285
382 145 488061.4143419954
382 546 541428.0169450919
478 546 591416.733874494
382 559 417402.25659344555
325 382 900746.5847748611
350 528 128364.75526505064
350 432 415682.08191189024
528 432 966929.1583751081
528 272 124177.63229384804
272 432 567499.3541805375
272 84 159541.0692623891
84 432 707063.4443967788
84 561 239769.66874487582
561 432 17744.26509651994
84 21 720458.7476993921
272 21 32286.66079720843
561 310 609949.9912798674
84 310 445714.7396985528
327 591 142831.4290143653
327 21 4048.724036425866
591 21 129280.65319722804
591 310 780283.8047198959
327 310 914714.4723148884
591 84 740366.6644472999
88 587 809855.9182107318
587 398 364849.9136614637
587 379 29912.458408255403
587 120 474971.7024675314
567 211 355834.5455437556
211 203 721324.7377600326
211 251 41410.92702523874
354 463 405396.835672405
354 391 62318.9665893209
463 391 665572.6278698525
538 409 655551.0762852594
409 498 404140.44411222904
409 181 290362.1663704959
9 409 704095.6739029333
409 465 100653.02236545403
9 465 657747.8702409428
53 453 477218.9478616503
53 3 613330.5478929281
453 3 836755.2962029066
53 391 871772.4374557043
3 391 322827.08181191445
463 53 358615.51140641404
453 599 180376.23215417197
599 3 216035.68001237494
599 56 155768.58821506202
453 56 186974.59950115258
87 177 402966.6098953211
87 49 995049.0147338002
177 49 692517.2362898925
237 323 182136.11073261572
237 180 932041.0057913626
323 180 134516.6455624125
323 49 746745.2726753613
237 49 478449.21283235
177 200 71583.02729504184
200 49 312248.8095829291
452 200 279022.7031952649
200 323 139310.61968995573
200 292 315258.64206924837
452 292 324935.15578655765
9 466 321128.5381013169
466 465 311039.0485071686
377 466 467429.79661296256
466 292 513042.773661605
452 466 368595.3354523006
466 270 150345.25409186227
270 465 244321.63281395225
466 502 10657.01058937163
270 502 888308.1234840467
140 300 254835.20982585338
140 33 718241.9130046179
300 33 324973.95169580844
15 380 203808.81570250698
15 471 416321.28933552303
380 471 197582.823399006
380 485 150063.80796301534
380 408 933541.7999249907
485 408 22717.281123109668
15 485 25800.373546964183
300 209 210383.2610717513
209 33 599424.4453208613
523 182 228160.1730922078
182 302 21174.07869166954
202 162 556252.0765408563
202 302 505493.0745827142
485 202 366904.9775096578
485 109 520979.1025491979
202 109 420094.5640238226
202 15 196886.28286097376
162 471 454161.983305838
202 471 199154.76878546368
455 297 879823.1841662682
297 555 796694.5687728547
456 523 980813.6834173785
456 246 502529.9941605982
169 456 726047.0049053105
509 43 204355.05200908412
43 539 283800.2242391513
43 186 403636.3830610005
285 420 918557.3300147341
420 496 655380.0904881399
407 420 381826.69483048335
420 202 975326.5372174701
420 302 323895.02319041797
346 335 767545.0549615053
346 337 237776.15215471448
346 60 306635.9033123651
103 346 416430.7708810532
346 509 42208.900400591665
103 509 502553.0794243628
578 233 486394.2787708021
578 217 947440.0516638027
233 217 788959.250196159
578 154 148737.79790263364
154 233 256284.98117236808
278 157 280868.34587514517
157 217 755660.8675961781
157 578 192883.73461700615
157 154 490438.6080092027
154 172 817151.281900188
172 233 457045.57632689737
118 172 925199.2206822742
172 22 849686.7627248025
118 233 438107.6332028497
172 274 485797.04587461846
154 274 141793.0334788884
215 172 802652.6665205639
215 274 535746.0379515747
172 76 601047.7466939928
172 533 945857.9435259749
341 118 119802.87998952265
341 65 491191.03673992195
118 65 984288.4776614994
341 233 26979.59471411848
217 341 586183.6373743531
217 65 43039.43903504326
355 236 810973.0393459505
355 65 404231.18423374614
236 65 713937.7362917867
118 355 731466.7113658717
131 559 860205.4428384549
131 110 513144.85515174514
559 110 344754.1083323321
131 188 821769.3280572885
278 131 242052.85201727055
278 110 474808.26216235606
261 332 353455.02773320494
261 325 14634.90655906685
332 325 227484.1148400737
261 215 672687.5624534099
261 274 156780.54896592276
170 261 974660.5498501873
261 244 884634.6692418102
170 244 816502.0568492248
382 536 409762.22069030424
536 559 257440.65176717966
332 536 118785.62062709196
536 325 813777.9240070706
178 327 358709.7836680769
178 244 787831.9434010028
327 244 560303.0809313625
170 178 940779.2484775354
178 310 517526.70713804726
178 85 314680.66282281105
85 310 893430.9520311242
552 178 202897.6358905301
552 558 612196.323890317
178 558 942883.992164115
100 276 585005.6072136238
100 312 85373.83407193866
518 100 416868.81665435026
518 312 647757.1027702811
100 375 831779.8510039671
100 352 567248.8596256705
100 533 774753.0771571336
533 352 15807.319968699107
20 260 244135.09189154714
20 541 929448.3338241933
20 223 892113.0217275148
315 386 173531.55973946743
315 314 482232.5542983279
386 327 158989.5567000923
315 327 374679.6904036319
244 315 823116.706658422
405 327 333544.71851418685
405 21 93013.94632243343
405 386 845539.10771441
405 6 861436.8170211759
272 405 644322.4966720344
528 405 576402.0508859649
159 518 83187.63621955483
159 312 924340.8392408259
159 35 152290.39451368386
236 159 662019.3744226847
518 77 895218.3129913383
77 118 385830.9565592961
355 77 708024.4213703873
77 236 688183.2984693625
77 159 229540.5601013898
350 359 107911.78849385864
350 176 821662.2551085999
359 176 8566.309602683343
142 263 704206.5465360633
142 205 547299.1663786334
263 205 159798.4778043171
381 350 28802.53579903602
381 176 577989.4205383611
288 447 878261.6878580002
447 7 621406.2521571949
447 221 561376.9662766926
288 221 877447.7871520965
390 219 160670.86723955514
390 560 406996.27120686776
219 560 212940.63333565506
489 553 724335.1367954423
489 7 977903.6725308044
480 489 596995.5261859035
480 289 895506.8474795228
489 289 680006.1594998478
219 54 954831.8993046618
54 560 63545.16471195926
275 197 992457.2670397749
275 396 333976.5353484278
197 396 54214.83122684711
115 275 893989.6368170313
275 120 260667.87308281515
197 115 73055.63646014135
461 4 388573.54195296054
461 378 145736.67971647764
4 378 24854.442672976205
4 127 91782.3696083041
461 127 345333.84247878904
50 338 852075.3854943522
50 378 659848.4004178216
338 378 921709.4756875371
338 75 971033.1653077416
75 378 960892.5623110894
95 152 511106.8850404437
152 283 470631.08971329394
152 112 735007.4581031555
152 235 339815.80928998865
374 481 164947.0505000845
481 334 49154.01551756959
481 71 558991.1688241685
374 71 357821.5316445705
235 481 603295.9033407829
152 481 270132.9337895019
481 95 764326.3727648314
430 374 353978.2910585594
430 419 917651.3927155935
10 61 561284.7634635522
10 421 953995.7974928712
61 255 436447.9374696629
10 255 968732.3934281159
10 31 754662.1513211689
31 255 992732.6982663661
361 488 156457.3907997644
361 577 511070.38484993484
164 588 788282.1134956671
164 79 679264.2685896346
588 79 990605.1257457429
532 406 440065.63533353584
532 189 498051.8292586449
532 313 231813.49563457465
313 406 457738.0791106288
406 547 760382.4568288644
406 79 466853.8719606392
547 79 748118.6809475574
313 547 529108.8071240406
599 67 66597.32148731501
599 495 746246.5317558695
67 495 194219.72939232347
67 544 857481.2192827191
599 544 513170.45506703184
168 67 716678.6144246731
168 490 586040.2339605235
67 490 887928.5241037938
493 335 816092.6551063232
493 384 998647.4817127853
493 251 979447.8039845021
279 565 279015.2521078243
565 184 931999.595867153
186 565 673477.6371243458
565 62 893049.7076366897
43 565 556889.1526232804
62 367 788651.6593997679
367 368 41952.162725432565
367 64 835765.6087742448
64 368 212473.96123403605
565 367 282164.6481638543
367 279 233247.51913077835
64 318 943377.0948260642
367 318 934999.167964871
494 366 822063.8599424906
366 146 207567.9175802352
366 368 873788.6893427349
125 366 371138.09517660836
125 368 991019.601828138
45 149 957606.0175925049
45 128 563427.3399226661
149 128 702804.7324670871
553 149 885040.3298780238
489 149 917147.5339711286
149 480 922492.9025006539
480 128 277239.0474858568
70 238 502863.91043639125
70 163 524875.707101768
238 163 392819.13401205646
590 553 812335.4456329799
590 112 466164.90983521583
70 590 794210.1688133699
70 112 190704.94441633733
590 309 538615.3906548697
70 309 672743.465191531
590 281 511129.40671601583
590 288 973433.3850912628
296 392 581992.2518501885
296 404 11429.574357942562
392 404 515693.05730979034
296 572 312238.90536297695
246 296 300298.4165833167
467 4 577040.2307394199
467 127 385147.95384840097
467 41 608321.5313165992
71 160 125938.45008397453
160 112 358765.9119434001
160 83 581858.8182907224
83 112 710835.0063729192
238 258 253595.94406046282
258 163 748839.0396328067
258 83 206755.34369724547
238 83 139122.19609548117
252 28 202912.54254748105
28 558 971493.1043352679
28 552 779738.3453172076
594 596 561159.0023690921
596 329 750937.7937745387
596 478 702329.1035827363
141 294 357018.16395707155
141 205 170166.43408177202
294 205 309355.52770776075
294 142 670062.8724949738
85 293 771655.6798798364
85 141 199747.21681823148
293 141 271008.8363848058
293 178 56817.24299985525
293 552 427617.89210088673
72 561 614164.3957476085
72 310 706151.6510888357
85 72 408009.3794238642
72 432 143479.85431761056
473 141 513544.76325715316
473 205 936852.6290571635
473 85 967752.3253153152
72 473 732091.9300151487
72 205 573583.1930021093
528 549 825873.1229057114
528 580 374703.9103448868
549 580 358420.184578453
549 350 21173.358237956185
549 569 550493.2153466614
569 580 926951.4415416638
381 549 21310.78335308001
381 569 135976.67588593566
260 192 892340.9394961301
192 580 925519.5946263021
192 528 760890.4015330537
191 93 699533.4472415089
93 284 374150.8280341543
587 93 372129.7264267094
93 398 412075.0465553674
93 120 500887.5407393445
275 93 974013.3697643421
270 155 63855.81788553463
155 465 68930.32565972068
277 451 538082.9132230107
277 51 191162.19074012397
451 51 164000.61051853298
211 394 181010.02526808385
394 203 351395.0734139614
394 196 652074.1608889303
211 196 601455.4984485841
500 211 847831.5977323292
500 251 814234.439270966
500 196 979244.4693905873
451 402 174849.84691657158
402 51 717695.1256915483
402 295 508751.7172162137
295 51 957565.2548503047
295 365 683844.7212508476
402 365 187648.53360193278
218 270 901935.0683215861
218 502 352716.6714317863
491 218 945451.8626587462
491 502 337903.96053884
222 114 645863.5045093794
222 498 371031.94794937735
222 391 475286.27711125516
222 354 682188.534535844
354 524 961432.8599363134
524 463 944312.3157112325
383 434 628279.1432674322
383 68 198423.11954864435
434 68 406767.3295507049
434 524 433936.5008788842
524 68 914916.8843472615
434 463 994330.1454433469
453 431 149060.25295407997
431 56 206129.55673348976
266 53 500149.6733616276
266 463 806961.6820610017
266 453 695216.1543608767
266 431 101771.65131650801
431 383 9938.534878059623
266 383 211968.1741349455
262 277 438936.15914894425
262 410 472513.9260807506
277 410 254365.70818379446
543 262 216656.87443967097
543 410 861358.0629717092
431 543 979663.6120558847
543 56 126158.32329444755
66 417 803775.9678015612
66 8 493647.009411988
417 8 254592.69540719953
66 342 790263.653124454
342 417 517231.5679143131
342 544 912010.5682879536
66 544 791201.8229398389
342 411 828430.6458437595
411 417 672551.1386299691
411 544 700521.9086465273
87 34 501785.0115739491
34 177 215585.11199497466
34 140 670523.237117784
34 33 134858.84221455047
140 87 122652.8431845787
237 254 78911.0071619904
254 49 93419.41360681083
556 200 981335.972362229
556 292 498258.52906778944
556 323 64777.96833990868
140 324 975014.7432223711
140 541 450945.24378996994
324 541 413414.0575654094
324 87 462444.9844288906
324 20 741608.8425909675
324 254 452979.1663936516
254 20 242204.95386466535
471 484 482691.9755258978
471 317 77456.22523545592
484 317 350180.3786731309
380 484 901105.9203071975
484 113 876398.11732323
113 317 217317.1257512876
214 209 759279.2823717176
214 300 508322.317866719
485 161 430512.3055567717
161 408 903170.5710675897
161 214 750735.5755301139
214 408 783155.9692135478
161 209 83415.90070536264
161 109 936785.3471936997
161 33 278681.1301280652
162 514 871739.527681459
514 259 5731.840922507891
514 246 518387.96518087946
169 97 210624.61757077722
169 501 523999.1231825791
97 501 774270.0678502443
477 308 623680.8130580749
308 419 262273.6207831208
308 455 156826.86557681835
455 419 765691.0561528917
308 297 499593.1440104953
46 122 141939.58583232012
46 598 692574.8187573383
122 598 357727.2063766941
122 501 131349.3575492729
46 501 975184.1950600113
456 119 93505.17461891861
119 523 907861.689826099
119 46 882640.8198305152
456 46 269193.75754195
119 598 502019.3147456156
119 182 620916.250755844
182 496 472106.6712827118
119 496 413071.19637660583
119 216 344488.8166225423
598 216 834451.0429316708
46 282 346744.26746310614
282 501 425730.71018023987
456 282 532450.193955103
282 169 408755.78953723254
31 581 988219.0702867472
31 573 306650.80262612656
581 573 397491.9729552536
581 548 838552.3864659956
548 573 547443.5490462303
548 31 132182.52747061642
298 548 194694.39866777827
298 31 542334.3929965581
298 10 880644.0517438054
298 421 342021.2297594686
43 123 128834.41790562423
43 311 770819.3927030374
123 311 877459.9264571121
123 122 552650.5696632067
122 311 327518.6557229196
123 598 266346.8905817343
123 509 708772.3611491455
123 216 58255.348774349346
123 103 70082.37301998044
57 161 156817.32001827765
57 109 296015.626473203
182 482 142017.8840095484
482 302 450421.18841244426
482 420 386579.461127037
482 496 952997.3468649947
134 157 482691.67728870054
134 278 952444.1893409351
154 134 765733.6943245421
134 274 595323.5891747281
460 131 401485.0637025382
460 278 34713.31228709062
460 188 889935.0094710621
460 448 628274.2186663243
303 332 141273.16733256122
303 110 824178.6324452711
332 110 472251.01246891066
303 536 957374.1161086608
559 303 594314.874510355
316 137 415936.9232773786
316 223 948154.3509574783
137 223 186039.0742660367
137 386 489260.8067830314
137 55 497906.97829013097
137 343 986863.0415482041
316 343 755219.4759959385
73 137 505142.11286018905
73 343 120123.100803465
299 237 978883.437854412
299 180 498733.5835923963
286 506 306822.8438061503
286 180 646227.6871713181
506 180 384660.08094924706
506 299 358802.09997504984
299 349 908804.6597184368
506 349 893992.717276688
506 199 735577.6573834956
403 471 318697.39399602904
403 317 656083.9102587046
464 359 960648.7501934199
464 399 465384.0271110451
359 399 666966.1222771653
242 464 693637.9067186427
242 399 925438.6313376182
464 17 123992.09048152204
242 17 535726.4239214893
18 263 27938.592644652927
18 142 275222.9631162685
242 18 23978.69393756613
18 17 587639.8506936511
18 399 249821.85061306218
263 399 560149.9954483033
424 263 443565.72995882883
424 399 573070.9914257776
359 424 879181.3419112894
72 424 530980.3173690652
424 432 826172.2813396462
424 350 829539.2074686588
360 50 601563.4624322341
360 378 271354.96183372464
4 360 315113.8666025635
381 96 608983.7947608995
96 569 87189.47125821907
113 96 239244.40369039134
96 317 836077.0109984298
96 176 746227.9128454174
176 317 758616.3377609731
96 580 856077.0488888352
393 527 914643.0922290765
527 389 845138.8813084938
319 527 179311.14348448507
319 393 778242.7498708075
345 390 226428.13331949542
345 52 558685.4130292771
390 52 685503.1851390332
390 249 776612.9928356069
249 219 752040.984030642
447 183 475705.5875451246
183 7 679717.534821889
268 319 367481.0127290521
268 393 611334.0204170058
268 45 961068.0354579738
268 128 281796.4797778241
480 268 574470.1675072071
268 563 453377.08644049615
1 138 355759.5017234042
1 52 456265.4196282121
138 52 535517.869228728
1 390 975140.2092524014
1 560 184650.10224651924
557 257 589694.221798497
557 144 145508.32271595515
257 144 649586.2655280905
557 562 752965.2695453209
557 106 4165.903127573589
562 106 557789.0951381966
557 329 208816.23827856354
527 557 451298.81254252105
557 389 629478.5064120783
527 257 542455.9407918327
574 338 739645.734044707
574 50 802738.1812861555
338 40 726384.723711067
574 40 66291.71879350304
385 574 630260.0743143058
385 328 916576.696061672
574 328 636469.1968596636
385 40 885832.73595883
108 562 10750.136684745781
108 560 506103.0291933164
562 560 54270.046030260644
54 108 308425.04348473134
108 106 187436.16317063905
133 54 865235.2053836398
133 219 352109.7911023828
241 115 427340.426898793
241 106 620765.7101751782
241 197 57867.40759939435
241 396 813940.1235917686
93 102 184863.5631376917
102 284 910495.7700474047
102 275 264764.94011583837
39 461 272678.5198292466
39 378 51333.59621231492
461 487 553766.6932845521
39 487 569243.182002884
75 39 329613.16133652354
75 487 751969.213398616
516 213 457922.09162487264
213 477 493137.255848623
548 117 546873.363386227
117 573 112052.02499653099
117 446 240784.38034061866
117 479 909092.5788756481
446 479 383230.31495561235
298 117 901222.071899642
429 387 891600.1393633671
429 79 886047.3869379681
588 429 674607.2596336536
589 519 283003.7362904079
519 189 308330.5234197875
519 532 810587.1848922174
532 589 174824.32500713874
522 164 834487.8416042805
522 79 599736.4933425864
547 522 307995.75703570404
454 532 363537.1175501064
454 589 546057.3847108597
454 313 692276.4161620956
61 454 32054.911169595467
554 525 3247.4205251344924
554 313 189755.23062597844
525 313 439724.40644276614
522 525 337354.788759862
525 164 649550.4240550675
441 61 726320.1438368848
441 255 583921.5650078374
361 441 673288.9741518251
361 573 588245.8893598667
441 573 403221.52618456085
441 31 765622.7931963135
150 588 403520.4501321869
150 164 684470.3382196283
525 150 333902.0880284097
150 554 911836.4641317242
150 429 137138.8512819306
150 441 110303.39140053224
150 361 626470.4044906757
441 554 251677.08835746272
414 593 355899.5772187749
593 384 170250.82221985166
593 168 351978.4936140221
593 490 130577.62938136086
593 493 651242.1319817051
493 490 808367.3769602962
67 130 360349.8707654591
130 495 664693.58795482
130 168 581825.841382825
130 135 51169.86828372827
135 495 923445.5127257375
372 493 969625.826241414
372 490 684327.8038420855
305 366 594306.0530817386
305 125 986801.9997975619
305 406 745996.8293461718
125 406 221697.85362318717
305 146 391741.6999504926
135 305 822488.8891185531
305 495 981023.286900555
135 146 469067.4805060221
599 305 224523.51000850767
305 3 86821.6083179556
245 445 699924.8091439384
245 125 561645.8756488571
445 125 560907.6637042112
445 225 159866.08356685884
445 406 404208.43604281696
445 318 700024.9099877396
245 318 330863.02347991813
358 245 411694.8544453435
358 125 623053.6640671424
64 358 914285.7007637302
358 368 959087.7110789191
358 318 352474.783509272
83 510 762625.2567954725
510 112 968210.1658130132
238 510 351001.46779719554
510 70 37288.363884561804
70 47 567650.3321865606
47 309 607786.3500923178
41 239 426292.27790683764
239 531 687847.1821613497
210 239 833170.6060578794
210 41 265050.27932016423
357 116 618822.9457707969
357 423 98846.41953629325
116 423 843797.5072479403
357 250 892055.8129654174
250 116 706908.6389663791
250 210 714247.0632732082
357 210 600219.2368149256
467 158 947609.2512053081
158 41 487870.988620524
158 210 264121.92786063836
529 437 984416.6128087463
529 14 986820.3438799038
437 14 490952.42333025404
183 437 511939.8429672082
183 529 416888.08758774487
437 447 752759.7606455763
437 221 930775.1879453838
36 156 163854.69803164332
36 326 438351.1920519598
156 326 926272.2606904636
156 250 936004.0839987504
36 250 753906.0604311427
160 579 296419.4059481808
579 83 265268.23066518514
579 258 714199.2942286248
42 430 174125.88976806463
42 419 361059.5103408809
42 94 838308.5227414174
42 258 493632.27594810666
94 258 138580.0527288359
579 42 978522.9395542556
455 42 102231.35554072283
86 42 855847.6350122624
42 29 203700.91122160794
94 29 203369.12524553874
369 294 778512.0002670563
369 141 341904.35412709805
369 293 730214.2728462063
369 552 564264.5515477285
28 369 558177.3035168704
369 363 662080.0170050432
28 363 862534.9397717176
574 304 377347.3492386729
304 328 11050.24753572048
175 594 765941.0122638225
175 398 702337.450827588
175 369 545093.4289946867
175 363 444486.4316802816
175 294 410977.6843134452
93 175 385714.47602918994
175 191 239565.16398595984
192 90 810640.9916000604
90 528 713408.7882957185
405 90 155915.12797514396
90 6 466390.82927456463
90 260 607491.5128412221
277 44 476706.0441729871
44 410 895383.9152964213
151 394 195709.87567472298
151 234 595561.3381688786
394 234 659947.7006837811
151 407 321081.8342334217
151 203 3113.913562337811
174 402 979070.2620721994
174 451 655750.6492836282
174 155 442101.12860553554
174 270 774589.011431806
218 174 58489.667501345764
92 25 188054.97298330642
92 195 758500.267755057
25 195 186203.538621729
92 222 76062.64729392598
92 498 136371.3554435103
409 92 580825.6666383242
25 409 900538.7667221252
0 434 455744.86156688974
0 383 703106.5653793281
266 0 498141.1680215201
0 463 717633.957634648
301 431 205901.09376033262
301 383 307146.94822911714
301 543 546621.644417934
301 68 478468.23873249046
534 500 345254.4111879608
534 491 241192.86725183987
500 491 849405.0530591008
500 33 188931.05357119598
534 33 777141.8513627506
534 34 816904.4010216318
177 89 609025.4474997054
89 502 628916.9867105357
34 89 95470.27397706575
89 491 524179.41848402325
89 534 387450.25949229
20 148 817643.4329705323
148 223 845928.1157084279
254 148 960219.0266068834
148 237 92628.84439305485
323 462 564706.4853622938
462 180 41301.5673268875
556 462 467631.60462470754
462 286 148304.90434531673
462 292 951653.3825304636
13 324 993432.7247278347
13 87 417878.6495729655
13 254 29791.4734155319
13 49 861370.5161460387
140 564 152045.94833704355
564 300 848516.6894891179
113 564 875585.4251866427
564 541 747095.3617408151
584 484 362355.39197603974
584 380 60031.592255980984
584 408 377746.31596447807
214 584 963036.5348299681
584 113 150777.02875998456
584 564 458850.5331794479
584 300 926255.4725591782
585 97 243307.40405456486
585 297 691451.5891418824
97 297 812242.397531761
297 333 639308.3399082153
333 555 934865.7726553023
97 333 100976.09451234057
333 169 532359.3052636918
333 404 48762.714290749296
392 333 27120.69178037102
535 117 444646.9246153151
535 479 205922.95380245772
566 43 466339.75534686213
566 311 831868.7051349039
508 565 986210.6827848204
508 43 609501.7236225244
566 508 27959.03746364592
508 446 113829.60934698372
566 446 695570.5848856358
508 184 46427.20348769558
161 322 26041.89436455717
322 33 321575.260687438
57 322 61341.26379872529
322 500 348894.1370945514
322 196 152272.03004540835
322 234 677528.4535560771
57 234 997067.7729493311
322 394 710747.7524454755
190 420 707605.7475597255
190 407 367006.3725851303
57 190 814504.4181660329
190 234 595595.4294087503
190 109 529328.3674900718
151 190 344795.329628641
202 190 284668.0120320343
134 400 136993.92839631997
400 274 33848.28238484427
400 261 751245.4387913281
400 332 255437.69221814605
400 278 88783.65896729445
400 110 944847.1398875085
474 520 302293.5743689803
474 35 772826.2260026593
474 199 460637.12352307816
474 506 956029.6209953286
597 206 213179.68349640328
206 35 896129.6495205525
483 206 643516.8192311318
483 597 98871.68890329046
137 551 562570.308486535
551 55 385040.8702245549
483 331 372357.4354791507
483 73 184288.8219870753
331 73 192341.20425128654
331 137 990274.4559590557
331 597 72391.86081487825
331 352 234603.53661520372
551 331 721350.844619815
551 352 3743.9276689114063
359 78 917585.3442596415
78 176 396137.9490258381
78 317 427521.868110864
78 403 186213.748563247
464 78 415813.2042596292
173 18 124804.34954668673
173 142 487238.1087723896
294 173 765813.2549371606
263 433 569813.4024930855
433 205 690156.3850375612
424 433 324344.0430317057
433 72 285839.09310140985
321 360 118853.3582230793
321 418 481630.18172492046
360 418 312328.04771582
321 50 883814.4575200217
304 321 563283.4774210196
304 418 866293.3658122746
321 574 262173.1717271099
82 412 562115.6378838123
82 440 34898.75994006564
412 440 806312.2309274457
412 240 672197.1829690199
240 440 883725.9896872346
360 412 955103.3950504009
412 418 221860.50596784079
412 4 756861.4760593796
240 4 995800.9322434412
568 529 54418.76958855929
568 14 386700.126634151
568 345 280032.55454526696
345 529 279588.4137042537
568 390 558321.9357888508
450 249 703803.8466960667
450 390 6148.3595276843325
568 450 116536.01922618151
450 75 756239.2286665562
450 124 60716.145753810015
75 124 94812.36262518844
450 487 59873.39870560271
513 450 335130.2981389186
513 124 497278.32302435883
513 249 544407.958578792
489 104 948336.7288455318
104 289 880045.7987988406
104 7 976654.3697457524
183 104 690522.4542860127
107 138 818574.7081385341
107 289 684192.6019621437
138 289 752756.061008446
121 107 96576.162250395
121 289 573411.6824126416
107 529 993454.141791652
121 529 485669.32765982987
107 345 484379.03683852515
107 52 350640.732891118
268 486 398812.61971893435
486 319 769222.5349254959
486 527 609563.8510932332
257 486 241479.2210311033
486 144 341554.6244213876
449 480 163391.4148794422
449 289 962292.971969376
138 449 217033.11698647443
385 63 365035.3214191471
63 40 233738.9981709761
63 338 401072.7065863804
63 75 885683.0777625301
468 229 132591.0282263959
468 247 956087.3928167023
229 247 330589.97937927814
231 229 464025.82498585945
231 468 646165.2643893213
75 229 458585.2664182638
229 124 533369.4187440431
231 124 79432.7393850498
422 108 354322.2341241394
422 54 982489.9750024813
133 422 883184.7212066744
422 106 552152.6390321845
513 193 809259.011456263
193 249 252997.22782794
422 193 343543.3028097393
422 468 529595.7424283435
193 468 126875.39367696465
193 133 448537.19569285953
193 219 996017.2161668049
193 231 524326.6739054379
193 124 348180.77836367546
91 241 457312.43056661997
91 106 295268.1162089773
271 63 46178.91583445977
271 385 956588.1903360535
521 461 947099.5702140367
521 487 129664.28184162626
461 320 806877.1433526091
320 127 435749.2355002079
521 320 336451.8055584976
320 269 725702.1607452035
521 269 432880.85965279135
213 435 856820.9694077667
435 477 719194.9228660725
435 507 629714.6386558223
213 507 922174.270557526
535 435 463858.1535574297
535 507 222725.72953170055
435 308 951751.2362483373
535 308 694265.9683053588
171 554 554516.3732215634
171 313 331692.8938752597
454 171 764611.800339408
340 547 872204.2420441514
340 313 906851.3903132433
525 340 329006.2099902881
340 522 62771.26655095544
429 101 697766.2392294164
101 387 504945.15113160346
150 101 368168.60174814047
101 361 404759.52889082365
593 526 849688.9145378137
526 168 444228.10088310984
526 130 117475.52982769726
166 526 98048.52875407
526 414 761484.654097375
526 135 815020.3836363101
67 265 722688.4392057791
265 490 375342.8196425285
16 265 826667.6673042042
16 67 314000.3608296646
265 8 179318.5934133481
16 8 328078.5178852339
265 372 938661.6314436272
476 66 528290.2301369485
476 8 664449.526038391
16 476 577210.476375157
476 544 888613.1515546287
411 348 947039.9608923726
348 417 471779.662834531
47 443 524081.5449320554
47 326 413451.0001076578
443 326 182875.87528477356
443 36 370264.34860012005
47 23 702335.9954742133
23 309 947432.9918084509
23 590 57435.26885105643
23 582 465797.87926771445
582 590 13936.993016820497
23 326 694474.0914377606
582 326 894385.9115961395
582 336 83781.9483390585
336 590 949589.6950958106
288 336 695477.9838419444
336 221 31149.44381677931
336 326 573324.5281316211
156 336 614914.9194387025
207 357 345272.3285355478
207 423 148153.84007440147
207 239 918696.0678344324
207 210 982246.4687674064
296 32 148429.85689391097
32 572 558669.5292320234
99 32 916209.032987484
99 296 157125.78090504813
457 30 839737.7311787597
457 307 139310.572433316
30 307 375870.72821916966
572 147 624395.9852127169
147 455 166308.28172389077
147 29 965226.8470296185
147 344 286129.30930168455
344 29 628543.4087226642
156 226 61666.78784097113
156 221 559803.9937086852
226 221 3312.816790997264
226 250 887472.4985428746
36 472 793208.1624934786
472 250 563217.3364455694
258 530 896531.1346322265
530 163 80210.26839699985
94 530 681780.0821630562
575 530 841527.2458776908
575 94 548057.0381568935
503 579 743180.1602186812
503 160 77561.91553517844
430 503 323254.2706245928
503 374 406120.33847383875
42 503 883684.6013616777
503 71 599945.60938835
596 595 684940.3313096453
595 478 659722.6494507844
475 28 701879.3101171902
475 252 582067.0678193799
401 475 974106.3925593847
401 252 912449.4986212547
475 363 124529.86843716906
475 596 445407.0465456911
475 594 328966.8351542335
175 475 637925.1337459873
294 459 873216.0250570031
294 418 256141.02425369868
459 418 270035.43612973124
459 304 888778.998179218
459 328 654836.2104928065
436 425 948014.7501584917
436 155 724222.9457200447
425 155 255752.09600243697
25 425 326155.49535830965
425 195 799281.6600838874
425 465 684957.3310639464
425 409 355192.75827751565
436 59 377801.72023913026
436 277 440679.71674236195
59 277 218166.87574217652
59 451 153548.47642402782
262 264 299545.7035137007
264 277 531027.0258185127
524 264 106283.95234440002
264 68 765725.057142048
264 92 12615.531679504355
264 195 958894.0183381165
499 277 631456.9930886824
499 51 543467.3972327523
295 499 44291.14122306066
499 365 250510.60375434285
348 499 403327.8393553711
348 365 238907.82931628518
499 411 742664.1130708634
402 370 18837.163351661413
370 365 174710.88159357573
174 370 654895.3796946885
370 218 181521.7296480339
576 370 316079.7920591629
576 251 853895.6965014613
370 251 200519.2703125762
576 365 786956.1115224025
370 500 69884.62692580733
370 491 729189.6832993224
187 524 989909.4548790054
187 354 712982.3884024287
187 264 346672.3925399273
187 92 35920.58239082374
222 220 413516.01204440737
220 354 163414.2134154063
92 220 267113.12944389833
187 220 228652.61983343432
543 198 266753.84849212633
198 262 163922.3189519885
301 198 691601.9717507993
198 264 608957.5199351187
198 68 477069.0839314855
81 148 202777.17273889517
81 237 237587.53487096052
299 81 710979.74480073
81 316 775324.7679991295
299 316 16714.17083307214
81 223 680118.6721018667
240 208 76323.03425815112
240 457 117137.41473330052
208 457 93834.39966051288
208 30 833901.2746220567
97 185 778529.7549251398
185 501 448389.7121539043
585 185 770014.4146742579
185 122 395267.180195215
117 586 210675.12043753522
586 573 47268.65798093971
535 586 941897.3044044316
586 507 379654.72718921665
213 586 707720.506402739
586 361 403694.3400860429
586 488 21682.81048438436
586 516 249070.58022284444
38 185 591343.6631597755
38 585 189867.62312875706
446 38 37295.011018220306
38 479 859691.3151996917
566 38 746035.4946822518
38 535 119919.14469303688
38 308 92463.172328633
38 297 937574.9146398712
184 517 546260.10308769
517 421 530196.4595334944
508 517 183336.9403428401
517 446 855296.0935115815
517 298 907530.6918643824
517 117 743042.2175079538
273 483 959011.7047429463
273 73 405273.98147965956
273 206 722488.223600838
506 248 718662.9731229412
248 349 464973.62933288753
474 248 785973.1706327766
248 35 576748.926839504
206 248 464496.1812938053
339 533 95760.42502579719
339 55 618226.1669894779
551 339 262464.0483213845
339 352 789997.0312979959
316 347 650184.5333721681
347 343 934427.382779375
74 347 132918.23260550984
74 316 158043.73381296088
347 73 544994.8576174641
299 512 483490.87887700024
512 316 338320.2341027833
512 74 319573.00930389686
227 439 187607.92141636106
227 514 509469.07580459124
439 514 665516.3044548602
439 246 110455.79803614935
439 296 891798.398988918
439 99 874877.3931542886
30 439 641952.3030496292
439 307 681143.7655620244
111 403 715568.3957899556
111 167 273366.6364770907
403 167 4305.993549054699
111 227 500869.5680853852
111 514 841393.5122715265
111 162 979664.6836156597
111 471 584319.3943871444
126 78 774988.8679742805
126 464 279932.18135220424
126 403 655115.3589287319
126 167 57223.80197154897
126 457 41850.82257397554
126 307 942576.8846618719
167 307 475554.8757629275
280 294 126621.26033652332
280 418 949940.7787752497
280 173 45547.12490504886
173 82 274148.3870804185
280 82 424462.04520669085
412 280 115381.06175802265
18 5 982646.5673480646
5 17 827107.8325204401
173 5 312298.8244801692
5 82 770113.2489253879
5 440 236295.4063095798
440 17 916866.765827313
444 568 614700.6147827407
444 14 255190.9188304593
444 450 414826.73681814055
98 121 1118.1979353994675
98 289 901151.2219701146
104 98 464387.98508981225
98 183 537264.0709257066
98 529 745211.3746087968
138 80 184291.19632863233
80 52 65140.923228488304
80 107 744250.1270403663
26 268 19195.610378384354
26 480 405017.07064660464
449 26 969708.8569185543
26 486 709202.2696260911
26 144 702826.1829416364
27 267 824103.8623920042
27 557 515395.60361354484
267 557 919426.8061106576
27 144 935748.7438983712
27 449 411055.85192861606
27 138 755349.6511895533
26 27 279996.66287362593
470 1 499613.1208102752
470 560 439214.496051916
470 267 305691.7230471524
267 1 298564.6046770375
562 470 730198.1417066156
364 468 774572.1530849518
364 247 968534.4946661236
364 422 490470.93927110673
364 106 994661.6240918585
364 91 672379.9817212886
241 48 275256.26401451364
48 396 869448.8303500375
91 48 92324.60334983883
228 275 12529.068903704643
228 396 907444.8875002913
228 102 94059.66189502102
48 228 357155.9054999561
228 271 588889.777535586
48 271 977422.2846331109
232 271 662339.3460473939
232 385 512324.16833102226
102 232 233344.74726508558
232 284 205418.06507246473
228 232 800845.045705582
232 328 126063.85326038527
229 224 241546.84879823195
224 247 404858.00742144784
224 75 981319.3414156056
450 415 961631.2987680775
415 487 642209.1627165974
415 521 5969.425110838755
444 415 230093.7029715072
415 269 441942.3457008137
444 269 903329.3063662972
442 467 974669.5412628049
442 127 9419.455563168922
442 158 946149.9523970471
442 444 168308.4273640809
442 14 12473.70480616472
442 269 47975.334043055096
11 441 650850.5268693063
11 554 196489.72356548268
171 11 539621.5714267326
11 61 622899.7290721355
11 454 724464.8367389243
101 153 876434.9529365796
153 387 630555.1097919389
153 361 564290.2850895115
153 577 359288.56951419363
143 526 612183.7096252174
143 166 223000.09432438193
143 135 775650.4764457914
146 143 492162.67700502137
476 426 167426.10446136995
426 544 696745.3909415081
426 16 182192.04558463208
426 67 843116.870431244
348 105 797721.722205141
105 417 914455.5232732014
105 372 378727.79825680604
348 372 382479.2134452988
105 8 103005.02593171912
105 265 486262.38754266984
576 139 889092.9044565504
139 365 298205.4865050132
139 348 972269.3182743456
139 372 663285.4558698289
372 542 459482.03419521305
542 493 435071.6948880271
542 251 51514.952816614554
542 576 602280.0471896068
139 542 237376.6269288412
36 371 16446.929822045873
36 194 169110.88688339616
371 194 338701.15551079647
443 371 333058.2747585835
458 443 695205.110141706
458 47 212579.1375179321
458 70 573974.8262527722
458 163 470405.31977557234
458 371 953106.0388711587
545 156 160678.94186171883
545 221 79397.84053774079
336 545 168017.04085691494
32 179 51617.94821395205
179 572 700566.305499638
239 550 674255.9734052417
550 531 154076.18951692016
395 32 475789.4246152732
395 99 697448.8306335936
253 395 619889.5575278292
253 99 525002.7272038336
395 69 174816.87778958087
253 69 268772.15902367566
395 179 932856.7676923162
395 572 429810.58193890395
395 147 52845.04658129141
147 504 689846.2250525638
147 356 278656.93908304157
504 356 76192.34033294208
504 395 80724.27908767888
504 69 567492.2891163275
376 437 691779.0019957792
376 221 45002.761170868434
226 376 744659.6837424365
250 291 496549.1804755098
291 116 816608.285256119
472 291 317461.2153636938
291 356 528518.3682070788
356 116 872595.9980477317
472 356 659961.255366527
256 472 626645.0216879615
256 36 786038.2230720007
256 356 289494.47740524524
147 256 274192.3087212338
256 344 368452.37593692605
492 36 282975.1581896286
492 194 433436.0946962872
371 492 543006.158681752
458 492 389381.70383238513
469 492 500146.8092417267
469 575 80055.02939786391
492 575 399858.5665604075
256 469 575668.0318902584
469 344 657404.1749387714
469 36 376190.0127202966
537 595 484687.3617255072
537 401 590302.1917872756
595 401 359160.81470466487
537 252 396284.05558417155
537 546 83538.40844503313
475 353 138240.43499286042
353 596 33889.07017782916
353 401 566988.6846870981
353 595 899267.5714576304
175 12 690840.4686991088
12 294 715651.6011231076
12 459 495951.6468607905
12 191 905357.41504162
12 328 178125.65535254366
330 436 73231.97283443972
330 155 816213.316371174
330 59 984978.909539909
330 451 904362.1634465115
330 174 945255.2482912202
570 264 72105.5018536938
570 195 382704.94717347523
425 570 965819.0987562732
570 436 737971.7112131999
570 277 715238.9322008251
212 187 247526.5305868739
212 354 120363.11520321142
220 212 722689.7975462688
201 240 260603.24727863382
201 4 222332.9624301863
201 208 578170.6129659596
201 531 464820.7528152736
550 201 26470.463561856115
201 253 924249.4364412597
550 253 560537.7706658613
38 427 233180.17144574964
427 185 871726.7270377446
122 427 711498.8174593982
427 311 367297.8438928478
347 129 684361.7302370727
129 73 805052.0819285301
129 74 708693.7897711738
571 439 283761.99489531474
571 30 721103.5192081355
208 571 762345.0659799245
571 253 592637.1109410612
571 99 412045.8364838324
571 201 804571.8814088611
136 111 482979.0174520897
136 167 362010.4494761716
136 227 324271.8025330877
136 307 999046.6312945078
439 136 849277.5408348573
24 464 550265.8107644361
24 17 354663.6666353946
24 126 528934.3089757755
440 24 878193.5940057674
24 457 274567.4311308973
240 24 775363.3875613952
497 27 911519.5063017914
497 138 316209.5932581507
497 267 706011.887482754
1 497 669388.5305326517
351 470 529926.3107988321
351 562 731248.1271008755
351 267 221464.91734872852
557 351 784382.2942034458
48 19 534603.0191203522
19 271 963150.6532538534
19 364 257366.817877698
19 247 205163.50445796517
19 91 790579.0271329614
224 19 603784.4553094476
224 271 991691.8266109336
271 37 101530.57554366141
37 63 500289.08402197034
224 37 467087.59928010026
37 75 421429.8870700267
320 230 623556.9425540679
230 127 45732.97724407743
230 442 734213.2134475264
230 269 558684.2127897716
207 290 437578.6841480801
290 239 701496.1158940895
290 550 160481.9029231652
290 423 410256.6894839156
253 290 925062.6531033291
290 69 864145.2632680795
356 132 457818.3903219932
132 116 717071.1536733605
504 132 361855.0495670393
132 423 664547.8421196359
132 69 570549.9592452863
132 290 941035.7806940845
287 376 384196.8646339785
287 226 245291.1371376909
158 287 629388.5460776901
287 210 456291.6321285183
442 287 603166.8522965659
287 250 809002.2041011147
287 14 94237.56506369452
437 287 93702.3732244433
575 515 4551.869224746041
515 530 541013.1469622388
492 515 140296.05830241198
515 163 766411.7031078794
515 458 906341.6684947907
243 575 442513.22257734503
243 94 351591.02185666515
243 469 556709.4120903237
243 29 898738.0999825743
344 243 350950.8861503302
165 537 49449.15494645153
165 546 112291.91736761357
165 595 753635.2133340867
478 165 956997.3855134725
58 499 331219.6644128825
58 411 727953.0833194162
388 58 758591.3219253633
388 599 415753.1425951352
58 599 835427.0261227897
306 599 473969.86544428096
306 56 6805.260993051898
306 388 324582.8827832509
543 306 697747.1613460807
306 410 880292.1471204676
413 44 256800.39975730196
413 277 471983.09040989995
499 413 704029.7162162787
413 410 677892.7771826122
58 413 96399.74199390566
413 388 997380.841958836
413 306 945257.2687756433
427 583 424299.802926454
583 311 95481.46525566382
583 38 523310.59947688464
583 566 728816.5418642167
416 248 816336.1756774855
416 206 521626.4774422302
416 129 870278.1205051984
129 248 617795.3950717275
273 416 289003.5871957267
416 73 98213.2358960408
512 540 358649.2666468399
540 74 496438.1623769171
540 129 116194.19992285073
540 299 629503.3583224482
540 349 838269.2296462639
248 540 885030.586933005
58 592 272942.3345809061
592 599 677410.2096093405
592 411 547737.4713353562
592 544 942464.8966860013
