300 882
0 250923.7266001455 888721.7592348212
1 88140.32099160629 182982.57452466627
2 753349.7601113353 66407.35909717299
3 913426.7613115571 109582.79753295986
4 221725.00420470332 191456.59187383158
5 306358.23307054443 449626.3427212214
6 272428.9708102202 259646.68602327956
7 649500.6861691539 887594.7644667819
8 164498.37312304927 429114.9066844231
9 230801.94049566783 116126.9187319135
10 823369.0068238508 432937.1457385539
11 957067.0373996153 842098.1769136613
12 335197.64640179806 871053.4499169163
13 288934.28191723005 432005.10636623524
14 392696.0428905998 632260.5929734391
15 122045.97804598483 53768.892340358085
16 344530.3293129449 841260.105234336
17 970459.0433580285 407598.318804636
18 515614.00237224076 249999.54132337755
19 560572.1502652534 727286.962298107
20 814665.3533990356 92143.63381302792
21 468059.7517719357 994511.290512029
22 340158.44764625194 382551.6063052639
23 753602.7200498203 868545.047790588
24 109857.40575495939 315474.52127882716
25 971553.49919721 722295.5822243285
26 313898.55045577197 53777.28929172909
27 465910.75303257856 303574.53791892354
28 523313.6779650832 361724.47188863624
29 934529.9722986453 245736.25751391103
30 915051.1833222423 567438.2298112278
31 906528.5376914613 231975.82173276742
32 101310.26043539726 272658.3353986674
33 213482.41023058945 386976.6143389669
34 193633.3234354356 667291.2241088031
35 785653.3696072713 934480.8097418449
36 853127.8293766489 12195.126869529726
37 843900.3563683301 828295.0405621103
38 448911.20402805106 771594.4447413817
39 420754.16240103 448253.8200016293
40 526975.074723091 932449.1931021195
41 967028.9628088698 625115.047985638
42 975508.3768403014 654977.5171149082
43 397706.7780321447 992062.1913221163
44 167993.36581985635 473235.5803347084
45 578401.6706728562 765042.2310153829
46 134898.4283976199 602304.9193522139
47 240471.37025347797 311060.10956153873
48 688418.3508181536 481245.77478750463
49 644434.3286586113 807870.0488632332
50 386210.58780559734 371917.4658914113
51 515034.5156679382 768820.5215680982
52 455098.7715892364 657413.022089621
53 392445.7240717758 744841.7838936717
54 439243.4978184702 385353.5236307193
55 527300.8813563214 499784.6764404946
56 980545.8927347872 997827.3203052116
57 992918.9281327964 432176.22460977547
58 234300.80257325203 120279.92926989206
59 74445.32541942006 281699.0711802884
60 609495.5723221047 66963.99504918548
61 262031.39131921827 253814.0095917706
62 274901.3871744946 254730.66226877418
63 12914.279133265483 413036.04301383055
64 508820.04978752194 715451.7702069839
65 160232.57247049417 572908.0555394434
66 469110.394602518 829510.2663723263
67 70038.42629227642 983434.4973767952
68 792624.6394408569 752651.0108480178
69 100717.80547807684 953243.6298059154
70 15922.374972628828 775384.0518516662
71 6513.30680265505 116725.6577811765
72 435095.68998167326 512874.534474074
73 285924.79546251416 101399.54726169887
74 259964.64052388602 623197.218531741
75 787472.9078285258 107854.39037259703
76 861869.7798182436 400616.7323754777
77 476940.06323119986 257029.67721726443
78 487666.0079052796 772126.1354548112
79 533182.2830488518 532102.7102920709
80 207974.9507281726 90846.28356747504
81 77836.27118283266 189344.772227377
82 960294.8842332651 125598.7837418877
83 542701.9078959737 297534.7449254091
84 853653.1079970136 346460.842729164
85 773701.9642818465 314663.9414362473
86 931888.0340220949 590453.1039015462
87 155563.9955060819 977177.3090167978
88 556654.1655521854 761114.7861711404
89 727066.3847740877 304595.11197927967
90 266852.2895190787 924342.8198400253
91 670086.7434085578 370180.6561607911
92 228438.32682981092 792934.0254547908
93 503750.5764485377 699732.787265612
94 583335.2884554608 246960.36665068867
95 1046.7626003094476 48906.94436316645
96 772743.1312104125 917139.5644917529
97 181900.46791685798 188586.90100470965
98 982264.77900723 765754.3157882114
99 581916.3133424129 186475.79821570436
100 492806.91031839774 503896.38743758947
101 389027.9530012074 615111.0270988954
102 355432.9683226727 872140.9702778582
103 837448.7684785785 608928.5752302817
104 898013.6839321866 902466.4940607266
105 280869.26876680506 130747.92567837135
106 52873.96581213499 82570.41162040357
107 701972.1279712142 541609.7766046734
108 772903.6464492339 684501.6817798265
109 449034.57856681594 99196.19773557909
110 889499.3947121474 895082.4942277397
111 225640.83315436624 79227.47296290922
112 651714.5490983637 99935.1409402579
113 593191.5620366699 965605.0378162224
114 122421.84270400702 438017.1393694335
115 902122.9263294658 621480.0156143536
116 766730.6506452773 722780.367053501
117 852954.9160507097 313557.46931442607
118 792023.6065681842 251366.44636787154
119 969785.04063343 536798.8571017613
120 529081.6831050004 393677.5296175694
121 111248.69952809991 48752.833129520055
122 897871.4091643025 153153.94793185467
123 325060.98093514243 750890.3783855605
124 315309.99876344745 115277.48031673368
125 917184.5124099992 696636.4169355376
126 815054.8206333852 253472.31599701292
127 802761.1801125469 574868.4411782846
128 575042.2293534754 369280.78594484105
129 601585.170764495 273488.20930150576
130 794485.9848649398 991441.5180988415
131 722739.3056705244 658963.9027118568
132 819929.2485602774 329000.7915824906
133 491321.47214241594 548207.9280988678
134 725404.2155093884 341092.8923254242
135 658044.5749479386 47252.61103419398
136 152899.5488792092 760930.6666909991
137 49011.6141875867 941676.5626976087
138 487012.90702693514 326427.01544842235
139 54970.453997376324 723719.1189295704
140 465870.78258575784 944216.5191712443
141 272989.324504044 601785.1146926373
142 549521.3886155392 501027.21160199324
143 812520.302048435 937340.7940264434
144 150708.1988506267 999885.6493834489
145 841090.192843354 803922.8372450529
146 432430.292618248 380578.4020076768
147 244740.29348129645 813729.3339626847
148 513576.9832928173 3895.68526687345
149 993227.5405362915 782431.4507200094
150 721753.6506027045 203181.3984567602
151 397979.70417385444 799290.1780424294
152 960780.133844583 152516.82459396299
153 717184.1182922709 845544.84722284
154 665935.0735256335 279808.40007560194
155 755210.3119771072 550069.3750791801
156 104320.58203142924 877532.0050193298
157 183965.36749866322 37877.23301217871
158 615174.2632882955 22534.5982184203
159 342363.4318883234 383223.5240011693
160 573285.3918982648 779633.4882921084
161 754426.3247346794 287810.7530975832
162 249996.0500601598 479933.85299147974
163 592750.6569433099 510145.66348078795
164 170248.6776852009 487791.6885474257
165 272734.33367802424 664458.3274335777
166 876140.4300098796 970297.6599121934
167 852717.9037538676 247162.18741679718
168 817024.6219139004 438843.056541478
169 690122.3443629555 599697.1037372983
170 755383.0467156633 500560.51649428514
171 273331.6539519651 476127.324729383
172 901585.6165199714 723114.8017037312
173 874599.8168277164 501741.2371891623
174 690008.515156907 468243.2955849437
175 583746.1625693502 90121.27341816812
176 723772.9912394591 335033.37918632047
177 909710.6203357426 670254.8672842238
178 628560.2721935979 568723.7294701254
179 327979.26104771567 726541.3751374623
180 911705.4836667557 608934.3144972108
181 657475.0443124921 724036.519357339
182 337849.01332306926 545512.3852671855
183 145257.73193667224 16130.072580753718
184 437848.0466737771 185120.6041126572
185 281290.51691096893 763515.093142056
186 481621.40038585424 902975.6392533128
187 118402.01574325548 703914.2273028013
188 214532.83607942399 16539.685399126647
189 626336.364815977 989744.7920428735
190 796534.2603541643 193113.72495741386
191 499463.7084887857 496365.9901099546
192 848360.7110592831 128015.04126133378
193 763449.6135702394 403083.60863818915
194 863080.2141705402 107645.82996340099
195 642894.4848560742 394481.60039457027
196 236098.40423615137 668428.4027542009
197 419750.89417532843 276770.56722756143
198 865316.5430898803 131411.46728413456
199 168837.942874153 603197.0920778764
200 691465.3911339783 889997.8544937954
201 78039.86280933983 413111.4568022075
202 275815.8344073469 333528.48408962024
203 830500.356026417 349044.27479161706
204 157569.28264752 671970.2789358975
205 679629.9183846783 417249.139061226
206 453327.27170086076 199660.77410412065
207 599141.5210540785 105882.63071214143
208 552391.899586677 59245.208029149566
209 352087.44970717997 510321.17818179325
210 222304.09135188977 922729.3445326948
211 505305.18678051507 118435.42891299263
212 949296.3116494173 885558.9633664986
213 792570.4110585329 863330.0128571648
214 897820.172018493 838783.7562113209
215 115300.17299851892 336229.8324704571
216 224838.20251193587 486919.98342524335
217 212722.46621902534 469827.0533034378
218 801896.345299559 663247.2693317937
219 186624.23022900088 408154.94101207715
220 469493.7010713961 482210.3323246849
221 115835.94163595767 816242.2202287588
222 578194.6738111277 3614.915267584395
223 157502.188894175 251717.96015481994
224 915252.8974965475 122631.14203208503
225 668632.5166370606 426002.1832716783
226 440529.1200019653 898661.711961713
227 892487.9006770321 923983.9207412468
228 776166.4507323186 975368.5284105476
229 432266.1271404155 253139.46268563558
230 771463.4325154338 746785.8355848768
231 472296.61970764305 839294.9153179616
232 182494.64356898426 950638.3700517854
233 812146.0738931459 408874.01123065525
234 408420.2669466091 405010.1096053302
235 550916.2859742506 869555.0942927469
236 667959.778472388 160482.8001222115
237 367363.09121382405 261548.39114759743
238 899532.2817832638 61133.97144800148
239 688356.5175013881 858571.84228107
240 970305.9934626922 870233.9149612051
241 392345.0407373984 449316.5756538272
242 747594.9101332581 729174.0283536204
243 495425.6996985904 199941.82997015875
244 416897.36123599095 806103.2142190621
245 726291.0307924601 134739.73625595283
246 936536.0417484435 906016.6598348833
247 283117.47925322485 970507.7957807812
248 718409.9650665694 686933.1901592563
249 764012.1306914707 995958.2563051768
250 48947.607980283196 255987.84566148458
251 272934.5260840399 606428.7320238166
252 381310.39576302725 178931.9305696895
253 254692.28653409536 191710.4075706677
254 779888.8154790415 738793.0656649962
255 920073.8573734921 845247.4540845627
256 760975.6439671031 625385.4051262815
257 886064.8063769728 513965.831988023
258 644677.2813706169 794221.2868332285
259 753946.414743085 125837.1291577829
260 753975.5977325982 930086.8983196248
261 158003.85229836643 334668.3993682447
262 863695.2941727185 532103.8540709721
263 629059.8471495695 495504.56636100425
264 614470.2688453246 840535.1216528737
265 136110.52730732708 163225.85457523342
266 529258.6150585599 825431.809835325
267 641642.8048639159 224570.55623940926
268 356534.8151919098 346930.4729202181
269 689844.6902087535 783145.3485346594
270 643841.2238406031 326661.0345567218
271 767939.2550714664 629571.4384836758
272 965214.3991570232 693209.9101446194
273 298002.7887854434 377192.1766660408
274 755277.0594279758 118975.39622788223
275 214000.19346920107 270975.2013867669
276 54605.90524744235 642934.5383001971
277 122031.35410468024 698769.2131186395
278 934742.4944835999 717788.94510399
279 772472.0277170901 147873.4820172537
280 839859.8594589006 421661.9561661434
281 258344.83234131132 551485.4822277842
282 958903.0639106259 897204.5989975493
283 214896.9302752357 650894.6672577683
284 284574.95982247504 991162.3614351078
285 897275.4954644502 639216.4793373211
286 128176.77744424761 351393.25128620747
287 389364.01718615164 301881.2302600601
288 727585.7522061265 987174.709605388
289 423882.0041007302 757539.853080364
290 555932.4296650388 80874.54814546103
291 609340.5757225006 542267.9231283333
292 754883.7389337908 8489.875289813486
293 137399.61562985604 361695.3347043984
294 381464.03119907266 357757.0259169408
295 332092.3965957027 582079.158007465
296 645659.7476529281 425192.92281281395
297 15241.712867675727 727908.8220866246
298 842074.1876041888 793487.9354388854
299 800246.4346279204 866626.6504398176
63 297 123557.88590376216
63 95 834242.6802834081
297 95 262307.0176747606
297 70 985279.7323600925
70 95 303037.25706240715
56 240 388067.065123895
56 149 645049.3789951658
240 149 955592.3871276329
69 67 824792.7302321882
69 137 569198.3812253242
67 137 311894.8980906444
67 144 538086.4728276781
69 144 192122.02353051255
52 133 431976.7765027245
52 93 317150.17848944693
133 93 127349.55531858638
139 70 709809.7914439508
139 297 606964.6705582959
136 139 983006.4560053211
136 187 922435.4405765019
139 187 947003.8547568754
29 152 91090.3165157888
29 57 55141.30051371358
152 57 459178.6072839673
152 82 39997.268113225124
82 57 741665.2821977568
30 180 237301.49561817592
30 103 240011.9351387686
180 103 638563.4509080524
246 282 78055.95376750763
246 56 120565.21875754223
282 56 125396.83575113303
282 240 262817.2184527915
227 246 170826.83116285325
227 56 984641.0514355671
166 227 911342.326767721
166 56 170165.85556807608
130 166 975389.744002396
130 56 894909.2100973297
87 232 26018.811594660572
87 144 183570.70882759686
232 144 825175.5638899873
69 87 441308.98791108176
69 232 551596.8157271628
141 281 438932.58363687893
141 295 478286.97781504627
281 295 620709.4621197636
281 182 80684.50107167957
182 295 699970.7720257193
179 14 79958.06144961104
179 53 856619.6052177176
14 53 396064.8469973672
14 52 792852.6987541583
52 53 380837.30721296824
14 165 279882.5564236527
14 295 235156.9499850432
165 295 812400.0999588982
165 179 948339.8872935844
185 92 822867.8348326817
185 196 690834.4199114069
92 196 664539.9076444375
165 185 788721.1788549814
165 196 464464.2260698597
185 179 663096.7462099685
26 148 982648.5380945351
26 109 918130.3067765202
148 109 482523.4283074602
92 34 167090.74797605062
34 196 166940.6013197404
136 34 799373.1775798548
136 92 692977.189496873
69 156 362141.4895607343
156 232 358182.14858635265
156 137 330089.76608799334
70 156 978909.0606846862
70 137 643900.0546500384
139 276 221394.92204080857
276 187 282148.9203304679
276 297 347678.8934625837
276 63 344370.40135999443
139 221 432697.9143938503
221 70 733332.1269277344
221 136 642774.3657120345
221 156 121136.42490610488
221 92 211967.22078912
17 29 134996.82726572725
17 57 108091.28904596555
17 173 343355.8653998903
17 76 327477.01445928315
173 76 705237.1204345347
240 11 568869.8281624379
11 149 530485.1548237213
68 218 126467.15883220395
68 172 662622.0605882889
218 172 679493.303433983
218 254 752250.5434149043
68 254 745557.1750073718
262 30 662728.1906994362
262 103 192748.7449918709
285 218 358330.0175154972
285 103 560938.9373332025
218 103 130138.249815836
181 242 622489.794231859
181 269 715232.0021680053
242 269 88635.72590204672
100 79 778051.8043204454
100 133 298720.6009580142
79 133 95432.1957448494
79 93 961372.7915233162
227 104 65938.31675717155
104 246 13040.403907351283
110 104 573115.4170858391
110 227 944135.9049146973
37 110 828557.9336799307
37 299 907553.7692303213
110 299 362865.90653767815
143 227 471897.42016445455
143 166 329201.48960850504
130 143 690786.3077383399
143 110 698878.8872315543
143 299 282700.49805933464
23 260 175666.35376431604
23 200 749580.7146737245
260 200 966172.6709889999
239 153 856771.7949530279
239 200 18973.576969420592
153 200 432064.78790109337
153 23 323405.01086776465
153 269 518708.2681340143
239 269 457720.0105367538
72 182 413604.3428364349
72 209 877185.5087762864
182 209 70686.52101412698
100 72 440467.1440307751
100 220 974723.1289589477
72 220 242142.5373959152
72 133 740028.4196891548
182 171 63439.86407529267
171 209 844854.9402997437
171 281 905959.327828944
171 162 824715.8786064584
281 162 52500.9703801611
281 216 556847.5257030731
216 162 864387.9928725777
251 141 941938.1313393577
251 295 129962.78014789974
165 251 310030.7457503344
182 101 357120.1129121221
101 295 34021.22733734081
101 14 855925.0581304093
72 101 390712.9905353435
101 133 304004.6960397498
52 101 25785.62112894145
232 284 233243.479109027
284 144 242999.9780549481
284 43 831856.0813742656
43 144 492841.32321568875
43 21 771468.317955382
21 144 250357.20319828513
226 43 461121.0740607514
226 102 236182.25887691445
43 102 629227.2289772058
239 49 691511.215124969
49 269 152298.64063102848
27 229 679960.7810170057
27 77 271987.20495474915
229 77 610836.7128109854
252 124 294245.53248761565
252 109 601393.6788324602
124 109 138872.6762513025
124 26 782729.5107249678
26 188 422623.2393041973
188 148 634270.3180811966
114 276 813166.8359266019
114 63 595528.8792771782
276 46 655400.9218064448
114 46 891862.7344017052
204 34 33919.1137499496
204 136 913243.8910859553
199 204 182747.0682686716
199 46 401329.64082901867
204 46 168786.65118761625
199 34 576363.420975655
84 17 760310.372321115
84 76 490406.7547388358
84 29 408764.7089592028
158 292 658868.068420391
158 135 451680.12092551566
292 135 640728.181095942
292 222 738431.348128263
158 222 754033.8119033481
11 98 611354.9320221404
98 149 472426.27035983506
98 25 192851.75985688972
25 149 927733.2173776315
298 68 818107.4704855545
298 172 899012.4451666214
262 257 692024.9508610066
257 30 155278.92791766807
257 173 449943.61418449867
262 173 543794.1677807058
257 119 684373.7113530862
119 30 525304.2246462035
119 57 473901.8126078537
257 57 952282.3329407105
257 17 423509.10259182437
173 280 642415.6868979535
280 76 722327.553804638
280 233 272236.32150354615
233 76 980976.0606926032
180 115 575127.5793486953
115 103 207196.24765941614
115 285 216804.59901794392
119 86 719855.5760137775
86 30 15429.897607298959
86 180 626500.2574788632
25 42 451318.43437534827
42 149 948018.190001027
42 57 138767.0350663417
57 149 500190.40882007405
42 119 887615.9714785978
138 27 187451.70495833774
138 83 552475.1907657993
27 83 202597.64132885748
128 83 694632.6554838261
128 129 168103.078810233
83 129 287577.12565941294
242 230 502503.1256994854
230 269 520747.93585619406
230 153 450349.5666047167
68 230 557103.214841441
230 254 988191.4772739968
230 116 526776.7647297104
116 254 13792.318469912358
116 242 568435.5187987312
18 243 656584.7356702185
18 99 945380.2919940356
243 99 100750.60303178374
243 77 360565.9946860428
18 77 493375.2415952274
18 27 28420.37002939268
18 83 46640.96910350346
243 211 351924.3463188849
211 99 317807.22723124543
158 208 809014.0747741538
208 222 699313.775564408
222 148 57780.12926651388
208 148 983439.3718278947
211 208 425426.24564897135
211 290 227811.87415182724
208 290 512315.2798101859
208 109 773534.2899448307
211 109 734635.1547079836
211 207 996486.2701986503
207 99 957105.7128175832
104 212 410778.8751165693
212 246 915216.1059140273
212 11 720355.896872432
212 240 800951.3259301686
212 282 736528.4565249169
260 96 502248.5771736015
260 35 952917.5526989797
96 35 814389.9156195245
96 23 293073.7957846329
143 96 663124.4753094096
96 299 549119.6230723747
143 35 288990.5293949325
268 237 427497.3652392896
268 287 65767.67955540997
237 287 272842.1024833818
229 237 484475.2631110387
229 252 620832.9674247688
237 252 29425.219028494153
72 39 700053.1831821995
39 220 629158.0289610642
294 268 822590.9370760794
294 287 879217.1307621294
217 216 818049.9805959275
217 164 631662.2343602546
216 164 962924.6626972698
217 162 111332.87381925572
147 221 441579.31238108984
147 92 202986.6129135026
221 0 566472.5792827645
147 0 560433.0796316898
185 147 223630.2796327916
16 147 729185.9135132892
16 185 97452.65017755011
289 52 463551.9128233696
289 93 93895.93968352016
289 53 932149.2044360178
244 226 582164.4183474462
244 102 206374.70183333705
226 231 613147.7931568371
244 231 197816.07754700226
123 185 551757.3061796539
123 179 805371.657702982
123 16 252525.87930572234
123 53 509152.0387203393
156 210 878497.6815992604
210 232 267663.4222527181
210 221 747260.8079453459
210 0 577744.3028119869
90 210 642868.9552053191
90 0 250436.9326378959
43 247 170355.7749022133
247 102 388357.0143346515
284 247 141622.7730844807
90 247 631052.8600734273
247 210 791033.4354920732
247 232 113839.82089822242
249 56 825900.2369005831
249 144 145125.82443866972
56 144 489462.32247387577
21 249 134364.5829866924
249 130 727992.6197722614
140 21 719405.6265641863
140 43 979486.90696221
226 140 355448.5230977217
140 40 975798.4865966612
40 21 688497.2969667431
258 181 148018.12254633673
258 269 479638.0570966164
49 258 770507.8499923018
258 45 326599.3893677371
45 181 584146.617705578
184 229 283780.60582619323
184 252 762510.0183627711
184 109 260870.85717109204
211 184 735560.0630629555
184 243 626493.2337406307
124 73 323607.71686913905
73 26 29779.084662738598
4 253 353923.2381233653
4 61 83685.95957122449
253 61 141444.41346850633
253 58 999411.7534854546
4 58 889549.4851595759
277 136 663767.2963032526
277 187 890340.8266372795
277 204 488227.54310960084
276 277 435383.8611994404
277 46 732401.416709144
74 281 592083.5070905776
74 141 119345.34046162448
74 199 525014.873591687
199 281 838764.5189165284
251 74 231383.72294769684
74 165 72312.79890667152
74 196 34758.08477889919
199 65 631279.9955024546
65 281 558648.4960913208
216 65 953636.1407645483
65 164 491616.3151968462
65 46 457246.24073973444
65 114 597016.5390574858
114 164 216571.2404362391
84 117 615459.4726179239
117 29 797531.5378899984
117 132 755050.9884832624
84 132 353696.5640249312
84 203 166988.6811648641
203 132 939193.248000993
203 85 442051.6813071087
85 132 155487.5927293592
233 203 76362.84998390042
203 76 594393.9560861893
98 214 71551.57562278591
98 172 741085.8562503253
214 172 199584.08309746246
214 298 501357.59303210326
214 110 775937.246983974
214 37 995685.8795457502
213 37 367782.8070980892
213 299 525022.0566078351
96 213 351201.003789281
213 23 81094.43522963588
153 213 95354.26647749002
213 230 923876.4759176786
213 68 210298.4925673106
79 178 721340.2958024127
178 93 384031.27541072224
178 169 538415.520434649
178 181 658107.6584265083
169 181 994193.6035720109
169 131 390500.42137960385
131 181 697531.2911003599
41 115 205838.06288882712
41 180 11451.849588025032
86 41 703643.0974910102
41 285 563137.8654982419
41 119 415203.2143670753
42 41 755874.0925606675
28 138 321968.7734151132
28 83 234786.09003027683
28 128 104986.20703838112
28 120 784213.5930934564
128 120 407768.2154762171
267 154 295635.44115866756
267 129 544170.9065318928
154 129 706105.7070900862
270 128 595801.7661337525
270 129 547813.8319348561
128 195 359832.2326131738
270 195 675488.5378234991
154 270 468925.4852300221
205 91 118985.49409288361
205 134 386808.3978440613
91 134 331938.9586325382
91 195 406633.12570275203
205 195 78787.5350717352
270 91 50234.66644229624
296 128 880279.9271384311
296 195 809697.0933384908
296 120 649122.7657038639
296 142 553821.284789685
142 120 488376.15584307903
55 79 1004.3323422183059
55 100 986087.5891613137
55 142 288207.07110077137
142 79 528694.6911798681
55 120 13202.70184240635
94 18 99632.06431307958
94 99 136104.9504883769
94 267 713732.2549867969
94 129 63216.25315397905
267 99 708930.024751884
83 94 773402.2494620048
208 175 304197.787643913
175 290 45203.581169375066
175 211 18591.71959411132
175 207 388392.38716381387
273 13 788809.1369880424
273 33 340576.0323325757
13 33 224960.26972079385
13 171 977649.0209995133
13 162 648922.1366514945
217 13 130782.52066834284
217 33 493087.6793516311
6 47 844773.6661030072
6 61 236406.47494794155
47 61 594442.6982553103
237 197 766544.3172493011
197 287 661977.8286524302
197 229 348412.0970505491
197 27 310523.5113056396
27 287 404149.89027659385
201 114 689350.702438963
201 63 243460.6486006825
71 63 50882.718926237634
71 95 232349.66769305643
54 39 53685.513098794545
54 234 30211.961373454276
39 234 473416.84896347637
54 28 481302.4956963956
54 120 838668.2869345691
54 220 23970.457762979346
120 220 399923.44734944793
54 138 545418.0387734942
16 151 304224.76482918684
16 102 604613.0382749914
151 102 60749.184948200476
151 244 328132.6066079232
151 123 913737.795072184
151 53 29455.765187268113
289 151 413600.6741491769
244 289 963291.3689746656
38 244 179588.60100889916
38 289 170569.40676955867
247 12 197316.69561185982
12 102 423602.93353297364
12 90 825542.7434600347
12 0 274220.9997380974
12 16 635369.8559072163
147 12 917278.0646026336
228 260 420858.6394548328
228 35 720316.6493870334
249 228 665751.6534493259
228 130 775553.8920542598
143 228 871242.6876893272
7 239 806373.3425907927
7 200 741586.5987174226
260 288 205780.09049559108
288 200 485572.55898481014
228 288 610080.9544503029
288 249 291282.32805088826
186 140 787719.4218168269
186 226 847551.9848212242
186 40 155980.32588182742
186 231 906223.3723648633
229 206 31668.711695068687
206 77 298684.0201504325
184 206 43754.61468691122
206 243 762897.7957375526
111 188 459509.92973958
111 26 480982.1773606343
73 111 591250.8365420996
111 157 681281.7205081049
157 188 693787.9991589469
111 80 438331.3041971443
80 157 295864.0557211922
105 124 157601.90441214415
105 252 710790.0832774988
253 105 639387.395912064
253 252 312344.6765017446
105 73 493165.92111253034
73 58 259784.78779594027
105 58 72783.25788241203
157 183 383786.23692836723
183 188 984686.3533106575
183 121 607458.8845637225
183 95 416507.5097130482
121 95 11938.883999011552
183 148 746940.5792308887
199 283 191620.18664119995
283 34 850752.4344036138
74 283 403228.0861576657
283 196 888450.8497864965
85 126 99709.49919614391
126 132 930741.7797707071
126 117 269672.49009442504
255 98 437139.0471600737
255 11 432125.4880543316
255 214 497455.5613030056
212 255 693403.0791070609
255 110 202224.9694703825
255 104 106738.63930930894
145 214 408843.08970364305
145 37 133810.4010961695
145 298 657733.730282089
213 145 290007.29326501896
145 68 654754.6511172486
178 291 699246.343845373
178 263 790562.3186474157
291 263 383003.25338640105
291 79 628001.6214222978
108 218 660504.7730227199
108 254 7064.2631094275375
116 108 800698.63945057
108 242 388009.7747189859
256 131 865006.6438497134
256 169 922192.4785968524
262 168 954161.1164479866
168 173 480584.5379308992
170 168 90770.1164488317
170 262 196284.1951471388
170 107 588242.7046220413
170 48 196326.65012609473
107 48 257537.8684772046
178 107 719061.6693282853
107 169 27901.59316411489
107 263 47562.653015577605
48 263 750518.4845175475
193 205 152296.05950786706
193 134 692726.6265602963
168 193 804179.0096191522
168 233 448510.11485611415
193 233 807767.259064788
193 170 936116.2753744868
85 193 75189.0378506599
85 134 94147.20777644614
193 203 822274.8947799526
127 262 213756.65605792982
127 103 642706.080481318
127 170 559287.3330309184
41 177 57904.838856249866
177 285 160243.47161121643
177 42 569542.0917707544
177 125 176481.7728710938
177 172 215150.19877240993
125 172 961134.2379719166
218 177 560174.9769637048
272 42 667960.4697871001
272 25 806752.6542051182
272 177 895466.5315132869
272 125 467784.9840046493
292 2 304815.3711234053
2 135 348160.6373836673
2 112 378077.3172952282
112 135 567157.9685586586
205 225 172639.0463155013
225 195 119373.08895227827
225 296 119355.16008969671
191 100 782082.2922979181
191 220 465993.31853222847
191 55 735343.8405484685
120 191 769996.5069688734
60 208 916287.2937639755
60 158 963687.0082810157
60 175 28597.34473887754
60 135 887914.5756804505
60 207 737033.3098776385
112 60 338411.09237004176
112 207 56968.94435415056
159 50 450992.32885667315
159 234 759240.823171815
50 234 419340.0836396581
294 159 452925.39737568446
159 268 740951.2538378121
50 294 566859.5748415986
202 273 403268.6061939106
202 33 592306.9684498992
47 202 821858.9183899774
47 33 607894.9857532899
273 268 896457.612133007
202 268 996432.7374873293
6 202 468924.2937319704
202 237 16980.08137980789
6 237 646992.7763465691
261 47 735408.8833249861
261 33 581229.8664106234
237 62 39461.46503404402
62 252 115257.66858727537
6 62 700715.7217088626
62 253 149479.3109626227
62 61 425290.26949330076
146 50 570767.6318771318
146 294 892495.0329760807
146 54 582252.8674065785
146 234 422475.2999118442
27 146 578342.7263958706
146 287 955820.8616393494
138 146 796541.1522587525
217 219 36702.844050751635
219 33 967608.8386580969
8 219 672947.614696997
8 217 833500.7183358393
219 261 925093.7295106649
44 217 440140.8016720506
44 164 218643.7962788641
44 8 339623.9611272629
114 44 991259.9292379771
8 114 769501.4736200235
244 66 565928.6057620245
66 231 557096.4484932065
38 66 106221.09321707218
66 78 20359.438904653525
38 78 900104.2539695125
264 49 295147.09691526997
264 239 671243.3400357397
7 264 508644.1505464675
189 7 776271.3974973711
189 200 731259.6882734426
288 189 940515.5234682532
189 249 251598.09364966158
189 21 554139.1189758697
45 19 659915.4500801722
19 181 274233.47713130084
178 19 642415.911102588
19 93 874792.7057638804
80 15 963404.6619035607
15 157 267757.3821977205
183 15 5499.193759661791
15 121 740274.8378357803
265 15 837611.0055896667
265 80 95200.29258530993
111 9 173972.70904416495
9 80 420627.04907570645
9 73 203931.41342508048
9 58 108237.55453597661
121 106 382742.16114881577
106 95 326057.45483190543
106 71 220359.830086868
15 106 854802.824477368
106 265 278596.3906100732
2 245 963260.6038248335
245 112 374651.87629327335
126 167 196973.76149448298
167 117 279007.0932752241
291 163 622109.1997843696
163 263 326267.18440950953
163 296 677465.5304266212
296 263 658176.9559968757
163 142 570093.9232552617
163 79 790485.302994689
248 108 424093.45387006813
248 242 548147.9712699358
108 131 385411.1543506716
248 131 640417.3948181664
248 181 332488.27362358366
218 271 602144.3576037126
271 103 7826.7101011458835
271 127 439123.9222302057
127 256 629334.573379458
271 256 233381.2124701332
108 271 869440.0313488763
271 131 755492.9949219525
280 10 627071.6657403959
10 233 549615.085355657
10 168 493732.67038050795
10 173 834978.3429611236
174 170 169640.04101714437
174 48 565287.2902783041
174 193 267640.44670441677
174 205 144714.98824435004
174 225 633285.4562896227
174 296 138411.05894131944
174 263 44045.87828280926
155 107 128938.23634643941
155 170 15167.768941726
127 155 700793.8044963055
155 256 230462.95399849425
155 169 602988.7841253406
278 272 138222.12812713074
278 25 146688.73396167337
278 125 607116.8103494752
278 172 573073.3289096238
278 98 811952.9757952822
176 85 630776.1588085064
176 134 800056.7998451234
176 89 44935.48342538989
89 85 774710.3353025928
91 176 607620.6309634867
176 270 977183.1811719808
176 154 412497.96827791096
89 154 440355.03986149596
89 161 762449.7535117492
161 85 808777.7380438595
171 5 821001.2574873163
5 209 687245.1860099602
13 5 288765.8920649122
22 13 198658.3898395623
22 273 906187.4336625782
22 268 801774.2431020066
159 22 243597.49058307166
22 5 220748.608573058
5 159 605427.5435309741
24 59 741518.7485469471
24 32 682918.2686412534
59 32 47387.694378280496
223 24 754931.0926539664
223 32 80905.13517186615
24 261 328083.23116113245
223 261 673298.1384092246
235 264 804647.6955217534
235 7 399543.0441956135
235 186 431993.171321881
235 231 548632.9384253105
235 40 399208.4200915349
189 113 798470.1686736566
113 7 404482.6062131479
235 113 423992.1741132949
113 40 418803.0856594378
113 21 692307.601406625
19 64 969201.3487506034
64 93 104945.97764866309
64 51 741966.8171510354
19 51 994574.4132778088
64 78 27294.791350177093
51 78 792577.3541520198
38 64 88116.2181855779
64 289 57013.198997739266
88 19 917663.216706993
88 45 974706.747062607
88 51 86107.45913252616
81 250 426094.9363619654
81 71 73971.08967440813
250 71 771417.1673060115
250 59 501142.27225332975
250 63 621161.8144325856
59 63 24235.927880810414
250 32 648104.0365130352
81 32 400779.44245997054
117 31 17609.97441513612
31 29 802542.4167137307
167 31 97938.88348334834
31 152 491854.70805287646
118 126 4749.552843827832
118 85 585428.1441963989
161 118 148472.95736714805
241 159 973825.7559181072
241 234 138158.7488979894
241 5 865336.3272170797
39 241 560842.7448922432
241 209 185008.81863179975
241 72 51090.11256414608
261 275 761623.9951957102
275 47 400303.1012398145
223 275 798496.4401160295
275 61 639462.6961161187
275 4 165628.5955832163
97 223 666707.2769311648
97 265 85777.67570498395
223 265 317875.70908853924
275 97 438170.1310396846
97 4 902479.2101201895
97 58 297269.40705632133
97 9 957784.3714744715
97 80 674605.5366500695
223 1 689416.2724158996
1 265 196314.16313812145
1 106 748242.54580978
81 1 301285.66056805814
1 32 223191.257592934
1 71 71657.79649345139
219 293 827822.0965521971
293 261 419077.1344687598
293 286 651916.7989798917
286 261 419225.67249318375
293 8 309116.9453778092
293 114 785281.6000601171
201 293 528889.7775260514
286 201 281131.32627112203
215 286 675138.8862170595
215 201 175116.85559104107
215 63 958059.4211919704
215 24 135551.45772630005
215 261 677848.0679779786
59 215 8809.785072862564
266 235 462977.80883419793
266 231 128249.93613722669
66 266 208983.6129388919
51 266 409879.8287805938
266 78 81848.63500074824
266 264 256432.01853141873
274 2 106314.9905568449
274 75 51590.48476167516
2 75 981040.3889699039
274 245 972742.9703916701
274 259 757206.8214080929
259 245 160380.53828936382
259 279 769074.8815582835
279 245 963499.5951544615
279 274 725393.8105678407
279 75 391207.62679349387
150 118 919470.3484491012
150 161 130107.30066711463
267 150 618137.7501166016
150 154 547503.5178934125
150 89 177885.2493644082
279 150 889412.1772360218
150 245 415200.3227738491
266 160 24835.470255217264
160 264 358460.19566179876
258 160 909547.3867869003
160 45 425462.25479600765
160 88 881005.7072524835
160 49 955184.6968638097
160 51 317194.1205317541
31 122 395717.22651167464
122 152 285320.2809660024
122 167 753832.2424736852
238 20 729879.7270366128
238 36 845686.2308656552
20 36 745528.84843764
2 20 449759.8202629121
20 75 340886.8502000268
20 292 903641.5567639413
292 36 875527.6498016085
192 279 779741.8519869525
192 75 822234.2715503153
20 192 462164.49447385577
236 150 211931.26553695675
236 267 191512.26129542486
236 245 105134.13995042353
236 112 518646.6394814311
236 99 49948.90089855664
207 236 609867.6372882584
150 190 383379.8037267682
190 118 166.7827110012343
190 279 198966.03813421365
190 126 136812.67500786786
190 167 468646.11238079757
192 190 827894.1665224655
190 198 272494.7233298178
192 198 42605.98766841506
190 122 999949.1498793565
122 198 360059.2561268249
224 82 264858.6597094288
224 152 943526.1834798646
122 224 361486.65293210483
224 198 903635.170712958
194 20 867267.0638971603
194 238 629897.4960608539
194 192 697125.3076633854
194 198 166354.85909472426
3 238 744374.448109237
3 82 355067.1483916259
238 82 423554.76457846654
224 3 438896.53698495537
3 194 369977.48753667035
3 198 373844.60223850777
