35 93
0 641733.9441826766 504564.9179884839
1 573272.5386191069 662327.9167047504
2 486717.1436509379 415675.0179448483
3 181779.40922906453 390343.1316661654
4 691695.7024056219 583902.2921137145
5 681363.1858370969 907337.159340373
6 103793.60306533547 42280.649136118176
7 840902.3728749815 169382.36741730472
8 413127.6914396741 145654.91666143716
9 754496.2506784089 531596.0660357701
10 908109.8579690215 89547.10379916697
11 379975.87045222824 444616.1966807459
12 887315.1164643657 372256.78216965083
13 161701.9330458781 575219.4984062343
14 426051.2736248971 32369.03759572296
15 94356.75167354906 162714.9747043737
16 911568.722991209 665184.0719412613
17 697866.6984167136 250612.9333257524
18 923890.437173876 566713.8819789558
19 505751.9785290444 68295.22244603802
20 228494.69771047216 158046.48324138916
21 684760.5611238613 238036.8094910068
22 75580.08971957953 684195.055228178
23 246787.0876748266 389117.70491187234
24 51424.05604596689 925683.1001697275
25 222100.62829460975 973157.9693536634
26 946860.0537795015 676661.101530503
27 105865.3373268712 380139.8031817944
28 448288.20270393445 598586.6615018992
29 717029.0172586086 454623.10816676624
30 202344.00738793158 616218.6561227302
31 899907.264118339 430508.9009245695
32 926342.3569405669 248256.14447084477
33 747294.2035344987 206666.78578490438
34 807702.6101053387 665258.3099481276
22 25 131439.83903985735
22 24 216288.51162533814
25 24 227401.98152032722
5 16 590009.7616625566
5 26 114632.52145020508
16 26 313192.0781202908
25 1 363066.069020508
25 5 691232.5124376522
1 5 83039.21734422559
13 22 969277.5384917681
13 27 418609.3050609881
22 27 124080.4830284854
20 15 938837.087079607
20 6 3244.0448905447506
15 6 51491.82345446002
22 15 230964.35548319516
15 27 873430.8944091665
15 24 963497.9262357014
14 20 327618.9552277016
14 6 67839.17364516945
19 14 227824.8820120714
19 10 882259.6354034704
14 10 409794.7399303309
16 18 424569.6803709728
18 26 475951.57867845404
34 18 899166.5151187625
34 16 216117.0804165481
34 5 980717.443136884
1 34 108731.30366704175
12 31 845910.6730924364
12 29 428311.4912825259
31 29 258039.65787757188
2 28 699473.5740779156
2 11 978927.7178193846
28 11 14747.822558829448
28 1 453734.8854087636
28 25 911740.8408901705
0 2 316942.0998329592
0 29 965627.4046385464
2 29 704636.9439425367
28 0 960707.6396060694
0 1 765612.7541546032
8 14 508700.9582329679
8 19 941898.6609362819
8 20 323297.7275485632
21 8 343634.4938774771
21 19 941609.0259775962
8 2 870354.7558947282
21 2 494753.0704109192
8 11 977263.8333976575
23 8 907001.764721106
23 11 789722.3945819177
23 20 996937.942174917
23 3 992261.2338478304
3 20 390010.55809140473
15 3 312745.52361568
3 27 198921.29122940972
3 13 284899.53441238
23 13 495854.0006596105
32 7 410545.80571152
32 10 753328.024814162
7 10 239133.398343382
12 32 820382.7904166734
32 31 937037.3405151084
32 18 268890.73937255616
18 31 94906.64046909513
32 26 118245.89349823978
33 21 418924.24109620973
33 19 178108.10898993068
33 10 73070.57860477784
7 33 155076.54649242773
32 33 414014.09825377824
33 12 206619.56704010177
28 30 588456.1468785813
30 11 296039.97851753526
30 23 538284.8674423962
30 13 243808.91581703868
30 25 313649.72813506966
22 30 569650.0633474849
4 34 822158.0273445835
4 1 361976.6269687028
0 4 102677.47267166294
17 33 639203.8432603969
17 12 849617.8029388855
17 21 536358.0971076397
17 29 933162.4033401298
2 17 8549.982482855434
9 0 496966.00181120355
9 29 663123.82559762
9 4 342757.1982730568
31 9 217932.46569296776
18 9 366734.45407085837
34 9 393317.5146880847
