400 1182
0 847572.8640687327 387495.61692271306
1 565200.9389775797 245144.7073310271
2 191865.3860381503 802225.3981632758
3 332433.25956594414 413855.0974580354
4 432396.63471405907 867022.0091538444
5 867223.5522005571 119269.94696070126
6 176593.19909698446 650755.6284799689
7 906802.9662217429 515688.0559650251
8 422627.83697394136 613159.7518499825
9 491008.7622884869 790897.1478376464
10 966640.3618809725 727345.9377511682
11 120554.92413427893 899387.9016092676
12 428327.7819821996 554933.3406182796
13 225023.092104076 798820.780164539
14 556261.184369327 672692.4096568635
15 669112.8011494537 256919.52767405825
16 82429.85518303825 34344.7181240778
17 242776.7832194072 462551.36374382954
18 53833.57919245657 81489.0609878387
19 75940.32817815144 716156.0500919367
20 785049.7363901729 588557.0608951831
21 495595.5606289217 693668.7242429154
22 219028.9554773912 212068.99820577586
23 859642.4128061688 266968.4598833081
24 731359.8410971188 688348.492134691
25 823074.7889111658 371648.10474406363
26 532676.9031003227 437093.060694769
27 363032.6355990241 408740.9460462287
28 478680.4847582268 7409.972506578266
29 158491.74599227955 519475.8772627868
30 233801.88823076664 213796.11597900826
31 119583.16610555875 431859.7747803111
32 557699.9557556332 594535.911579742
33 541087.9784891774 123840.7150776225
34 139023.44550995904 74472.99150814358
35 29724.682067594265 756889.0983737799
36 240997.64420388703 400699.1242354425
37 371861.82387206104 156186.25546852994
38 21752.4818855549 263885.7456566813
39 734005.3713708455 262404.98608828255
40 608258.1127978583 690515.1299091828
41 911127.0003028598 383027.6271921519
42 886728.9529455171 235236.70086315295
43 876783.8663929832 504247.88579897187
44 560621.9697152631 496014.23185288353
45 564178.4561519243 143903.57836953027
46 705587.5066948826 787185.6588846464
47 803604.1552908021 178265.9228153647
48 428576.13639174565 654768.9910748687
49 820437.302526876 91666.52875856374
50 694870.1372097947 397586.6483063031
51 190924.3971492015 245894.82801565743
52 304448.5068909909 263424.53706366796
53 888742.5940536591 72424.16217422654
54 144691.08907020045 878533.2726084145
55 583948.2883774433 497943.42031228065
56 927125.1853473695 59932.69913062005
57 35973.74624609484 681309.6322607385
58 539844.0304617442 780480.0157977078
59 119277.50710533714 545740.0645551605
60 724991.9551278739 531130.9677995809
61 486117.874465355 343630.3835082994
62 546866.1600801559 256266.5664049011
63 261770.9416887416 558470.9394458211
64 234996.68582966604 560846.9923716713
65 223833.84174235832 904401.8604918286
66 574224.930262203 940222.1488842777
67 202699.59163568684 690805.067392672
68 745440.4397632736 179007.2096477967
69 799689.3491756289 570270.8001956163
70 946777.2705091232 686628.0063120247
71 577598.6395065854 566474.6130197322
72 559947.7682991273 829333.3885453789
73 851574.1146076187 930480.8496404655
74 533099.2069941051 832208.3256044411
75 120657.04233024377 875221.1871194736
76 1368.569716893031 460875.6423130169
77 258432.61028272135 958107.9275847891
78 769656.5707774401 726135.8349844029
79 940434.1620518621 461792.3007884894
80 693974.0689385233 566036.4162753671
81 273255.7291103783 220441.4887732732
82 678012.28596579 642949.7447729985
83 819008.5012568462 560307.5544340174
84 192065.9582853962 685653.0580412028
85 153995.09176132275 822141.6054571802
86 290049.84031995275 298371.3971596519
87 226393.24673071114 901699.8175895261
88 670161.5266020594 550342.4096722663
89 98835.41432418907 185059.80198838635
90 599289.1666430878 654895.6304862478
91 346463.0266249609 842790.8731991735
92 920385.619091586 678476.6305099692
93 159030.85516819716 277699.59605387494
94 103028.98842654629 953262.2199390109
95 470417.3791861622 949546.7907095591
96 953721.7336203 81267.21341144205
97 603854.1601722938 453864.10054113844
98 143700.89650474215 735286.9413411203
99 988826.4149782999 554850.6393238851
100 955574.1944527603 27629.99561873247
101 526207.9447872663 241228.67937300107
102 279776.35259986034 819977.2199463992
103 500064.108501454 986936.9819795142
104 566279.1047051214 704693.6500829494
105 19803.601760505662 642323.4769562867
106 336723.53411235934 349379.1985688819
107 396198.36326060706 101855.61281519239
108 825157.0389099927 230538.2589957823
109 476600.8635982798 826093.6362602329
110 318400.1971563944 419847.57871637703
111 758682.5918842914 239035.59151253683
112 718782.4209463167 827928.8370016838
113 148998.24155308428 693914.7674318352
114 640962.9021865913 655747.215466015
115 361872.80031434196 139779.87260966597
116 154754.91739858294 729597.669289604
117 20848.357572712415 814036.2806040039
118 680643.3132607534 179022.57111669538
119 64385.325626854064 654533.561787959
120 181936.28212012936 587891.0975808415
121 870084.1078951319 141408.03177747462
122 558744.3267341749 576970.9446366285
123 839591.0765242241 953281.7283021064
124 978409.4002073926 941056.7567088803
125 568937.4521128566 228754.08174583977
126 362336.78867444664 262610.90537497157
127 59858.635190471075 771918.134804396
128 987381.5991143815 462185.4917728275
129 573269.76219453 386193.2609005212
130 161200.0871403253 302570.0214237097
131 214549.63881367017 337203.47813298454
132 675690.1275796505 81885.6329856974
133 741326.4318406109 596777.4826363297
134 838282.9553824747 378659.6536312965
135 985931.4727834224 259498.80925888536
136 819548.8008086134 807772.8265965958
137 638199.4832552387 302127.8773189294
138 65361.766468788104 553282.5508309108
139 649349.5573782466 315033.6802799664
140 674437.2406695687 591595.3765108297
141 88663.52948554778 839.488458101445
142 249238.7198716095 967595.1976715726
143 307873.0366598397 889334.8814726745
144 979060.5938926142 700183.3208583152
145 748114.9827913743 473061.1070541344
146 984263.5583355341 652509.3292616704
147 670700.4469420973 247502.32601077616
148 785175.916466769 507170.42185017426
149 998082.5541741841 394355.3200977933
150 205422.44025008727 491118.13012959313
151 414022.6419152262 767298.6563539165
152 672454.4048120249 370285.6482331948
153 418797.16310912475 589062.7104171976
154 751199.2551526906 684529.9251658414
155 634236.8798794673 44154.17137923439
156 449089.7223186392 313826.8909300229
157 395843.0766322105 568108.3738350897
158 982167.3501997938 642020.5458270949
159 718777.069207042 483378.12490239716
160 3181.9537804619326 190787.29091303181
161 989436.7820571435 988520.0706072543
162 693036.3205059844 274691.7901867042
163 730031.702699736 682283.4625589367
164 953099.7565252495 132113.08176738844
165 374386.38824283856 258734.18219678258
166 824261.760306513 440972.6314767856
167 343470.3531196334 395234.65784984047
168 772310.8077735598 320439.47876114066
169 345053.898784236 618561.8618160943
170 671770.1724886936 628585.1145400738
171 454698.4028465547 900624.3285970751
172 462126.2252810777 608956.4869657777
173 52728.58072322628 610060.6158890398
174 594146.8048455865 498463.7176094525
175 855594.0573713514 841749.4628882015
176 176613.50038226487 105248.82844744732
177 411689.0046352748 336957.06774980784
178 591704.6906829859 373242.3408636937
179 156250.9615466191 641239.7305856006
180 68448.5289372052 15082.303548321852
181 703966.8440824355 144172.330197048
182 146149.59172232944 839362.0164258205
183 394636.9264277139 633830.2842750666
184 339373.519968568 915694.6837453446
185 682498.5331875647 916068.3584850547
186 211261.69476374568 684154.7282170185
187 580676.4405472688 574016.0545710187
188 285996.75353819586 167812.61180016983
189 72199.87038875863 482244.88628057437
190 603198.7542696203 408033.86995349056
191 323617.8155634766 479998.40966215736
192 524773.8095989282 615276.9898229032
193 976329.717363191 312297.4469371802
194 796836.0561636409 960976.7995850358
195 182172.26159183253 199470.35506707535
196 873345.9935528189 334507.6633809443
197 310319.41184054245 618841.6619027659
198 858671.588985277 16168.052304546432
199 213448.40432745448 435447.80939536274
200 676891.41320343 80036.3182723941
201 339543.23588755366 215129.39474993065
202 930973.6545136161 389357.0474733332
203 193599.19466277075 883779.0615991536
204 748615.5919025978 373857.02543885424
205 489311.97746566223 300056.04957033717
206 460970.1166862765 941362.5049351202
207 943562.3161610755 609818.1034256914
208 675348.6018356279 870942.455249475
209 384602.61079633574 664806.5168204192
210 891595.4339911453 473785.29346056
211 290144.5085005502 150294.43272925148
212 110443.65472611328 425297.96004360064
213 612075.8551377958 596443.04553602
214 894446.6436634682 348744.9192475248
215 273217.1923986908 242434.92861496995
216 95754.96273725748 847808.4033952347
217 699250.2426156029 255593.38058272397
218 858077.2460947682 846805.3702058549
219 434504.28934838314 361350.0748713708
220 69000.40096502946 937995.3178406412
221 917411.9426413961 212905.1361780001
222 243429.61181201006 397371.57793261326
223 505347.6408457215 818216.2922966189
224 484539.9297087339 905555.1853623803
225 479320.4361177571 952825.6052539699
226 722820.9317604728 99441.2658410051
227 54047.28770404499 645714.7185105872
228 420292.23901673005 765628.7964269606
229 279616.0730773761 968730.3793396122
230 184054.15836579274 80226.69886910793
231 656467.6686225251 592645.6182486397
232 94847.45335040313 494851.41330018756
233 77648.12078824812 598894.8584651093
234 881873.1127556093 854981.5734833796
235 28216.983858769472 656658.3533185346
236 998567.8085358633 997655.8442551115
237 467081.3685883356 810199.3397363388
238 241273.03160946222 427300.9828795452
239 388208.3987076476 716659.7748390975
240 642176.1379756219 949492.7118009403
241 577885.111409531 934256.3031586464
242 957728.6902107589 933274.853021945
243 938928.9726149626 155358.80780408505
244 488947.79173995386 830699.7647254252
245 188157.404908614 213255.89112510567
246 959509.1620658264 610926.3896313821
247 976294.4931217313 755477.2783904908
248 142486.8117575131 496300.04346567113
249 88976.52233187747 12007.342484275152
250 385739.4346200236 311088.46478940547
251 897062.5423265502 136420.31543218668
252 187156.3784204352 606372.2897539774
253 543204.420572232 23987.793955551064
254 868535.3753598674 341341.29433170956
255 416859.7019359886 751476.6880684162
256 768801.4970592924 370251.8278171767
257 546038.4640801846 507504.1697929993
258 202800.4159604453 326138.5550488335
259 6783.752054121406 336271.66811317136
260 698617.9921006073 799634.6006912374
261 683157.200638393 841720.208186932
262 937177.8578966804 289568.98785797524
263 250886.64386451265 884412.3041666633
264 759670.3701373657 449737.5566454998
265 199553.018867519 819294.0235792174
266 236097.4208288814 245664.80265450085
267 349918.1954731917 946011.0209165026
268 226603.7361429416 745076.4513845018
269 968532.785267571 26401.188578819347
270 378878.19652025733 346863.3396478508
271 777251.1847276242 945258.2021884874
272 660505.9521994868 643305.2580150188
273 357803.85919479816 663761.0564616238
274 205818.33076777912 261750.18461401833
275 432438.8981250011 393640.4689187123
276 629787.5246100063 904438.528717253
277 283639.0115756916 626262.8193035166
278 51272.008429567584 262102.84025439824
279 442545.136682957 77209.89896066277
280 675670.4040114826 796907.9557443759
281 315621.35956170125 888780.1875093788
282 320534.4795536519 74304.47153971432
283 241323.2034654199 716299.8878307907
284 154613.98046483332 146098.73719842802
285 800513.9525212666 523581.486373114
286 548977.4417772478 627290.437604952
287 50932.60820442691 442536.11118578986
288 910849.7226523111 135617.06073768198
289 397586.21805190365 167493.3337907195
290 324086.4783727163 392021.84203049564
291 516848.0403274125 503367.6583030188
292 938090.3166967302 932622.0079978514
293 900459.4151384672 994771.0321197913
294 556118.9572175342 504068.49761759886
295 269030.16103965783 248525.72620257497
296 565376.7874556959 846732.5732269523
297 435663.50837656297 184687.63949332712
298 922952.4823454856 61525.032442477976
299 697710.7730088114 923593.1115215153
300 724950.402976763 781017.6600159904
301 386643.3588715138 212531.24853970495
302 194955.25751513598 800013.3594484839
303 307955.1344937288 476567.03029627487
304 267226.8935744604 820396.5288845793
305 740403.2579999204 1988.014339277644
306 963298.7635952462 103775.90372374923
307 737064.9255676201 495616.0269401141
308 773205.3780323856 423022.40338967857
309 724415.753978206 195933.0406113905
310 585661.11347421 804165.8423262935
311 562026.4330748443 424723.34006252355
312 495661.6039139534 742479.9709836802
313 537339.4032277663 589401.8683228669
314 232088.16266908494 524088.3785446001
315 947957.4292460181 90329.24768600259
316 986302.4822004476 175199.91020265158
317 707322.3157899098 490187.5235638099
318 693832.9807130694 659568.2267609661
319 254070.00473288022 53718.32180104885
320 622619.5651101328 734953.9103387186
321 711575.4853004211 913388.7546233659
322 844377.4067685559 340819.3998046348
323 721725.5828871008 87638.87502177936
324 781296.0899633233 598454.4351675457
325 36834.732586008446 320275.7553928889
326 596570.7204248429 873546.494384492
327 58511.17261841299 525744.5203651305
328 124208.75344037119 691934.176033815
329 225186.16955477642 686260.8787302382
330 169067.57706778697 182873.56729232674
331 674475.487549004 749544.6171932834
332 906949.0942692583 456492.8114507918
333 11463.012815632444 735065.1813149397
334 366845.60174357105 378467.7397335329
335 870998.4085471643 122644.872275954
336 953746.4518748116 451475.09178843384
337 296878.68057071476 703915.3973421068
338 934428.2932775291 905485.4812672668
339 75986.68493467398 47658.79848011101
340 890227.7928859516 107172.24457424157
341 844719.0690606937 382637.85494268034
342 246129.44407092486 615300.3342068463
343 172749.63838256086 893746.6538139032
344 808074.4593284939 146381.97274091202
345 108610.51339077177 708031.694752221
346 209933.66376029432 911927.7001296177
347 93372.84016337921 690208.0336585671
348 956074.8143370114 684278.1862438887
349 228066.5793762362 837308.420252509
350 696232.9757794763 331753.5562618549
351 88366.94434935477 159239.61321158698
352 262309.28493310703 915075.8672497884
353 284957.16751944786 556871.2897446015
354 883055.9284284347 165387.36413191058
355 805673.9041156677 75727.72976001474
356 145535.15937956906 165091.645884081
357 873699.5002542274 542474.1464294508
358 232203.89458451595 370091.23262337496
359 292363.587458025 547919.7099969618
360 29352.348979440947 738460.1155885733
361 636465.5755957431 916758.1487332912
362 124371.45480239775 17440.5315606323
363 323444.60129515606 396782.69295625715
364 578417.3276054777 707387.3614566476
365 382947.9934785619 563062.4460179979
366 182181.6678167677 572559.5469799428
367 183289.6251336842 807717.8435935258
368 293752.0895125745 543389.7786314634
369 46992.99010602076 540690.8787851176
370 613891.6933697859 402311.6501946564
371 875242.6860843938 718785.835927709
372 113930.01705016215 32009.55296884922
373 819092.3072070094 755839.8264038849
374 759322.5942027953 680826.4796573406
375 368697.095299204 744549.6941640682
376 153767.63122419102 687518.8115239851
377 588236.8899237532 338374.3821683082
378 273800.7076169039 259333.84694245787
379 805983.5771094715 632683.1703469919
380 163077.55559252657 754108.9515249816
381 303118.3622543375 237148.4554238017
382 501924.8319107975 498189.7789720169
383 830147.5686738937 787723.3048853732
384 128285.27925513244 518463.34750901425
385 625588.6646457289 908145.7785368415
386 7960.054134367178 75913.2292053769
387 10826.724362660745 472331.0550240616
388 269835.409959995 397692.29445266875
389 531979.7093824389 715264.5163558259
390 837791.6536128653 150848.5534805607
391 662533.9150560275 98398.94513391667
392 728068.2521918099 709508.7233828757
393 769997.0448315456 163652.0859328625
394 580687.3187195406 341349.9993844595
395 891720.3962409544 732993.6825410441
396 940297.2108871937 531679.3477820255
397 373187.620176178 212660.4565510941
398 17126.48176451681 908181.3792079785
399 247789.9702495353 94723.1063522802
247 146 764987.918498943
247 236 951168.7578650062
146 236 901528.2288462224
180 339 30161.70443165811
180 386 41339.99528860266
339 386 332573.4954744719
216 220 393834.50573465903
216 398 849184.7902634008
220 398 402747.0906182031
160 259 937238.693885766
160 76 305330.590680337
259 76 248029.39028763914
351 89 452185.7186604745
351 160 497433.98848832655
89 160 635276.1756188083
16 339 783385.3950943586
16 180 243379.53404751
16 372 437175.3941365919
372 339 86198.85642218527
34 372 237849.62963305868
34 362 298487.23173136107
372 362 784110.5858032688
34 339 403721.29903815425
351 34 340052.91181683214
351 284 760175.5893272876
34 284 838376.6719703885
293 103 969885.9666196046
293 194 817191.7752519979
103 194 73192.72921842012
103 142 524230.6792321735
103 229 287957.9899153136
142 229 881784.5215284335
103 236 874002.9768020348
293 236 52887.18396930048
293 73 5292.0465935824
293 292 706336.5378136113
73 292 576471.3130955292
124 247 835305.6742574621
124 236 727441.3735201204
73 338 566494.5018721926
338 292 88989.93852311977
124 338 342873.4756193641
338 247 281625.02267335897
146 99 344689.7407585138
99 236 386029.51967330434
38 259 383894.81802208425
38 160 172398.9541591401
259 325 22817.242107870505
38 325 562769.2019172629
333 398 782247.8214146573
333 76 636499.3902220483
398 76 602231.8178216604
287 259 47692.816563059234
287 325 846583.0704301234
212 287 518928.8972132572
212 325 931124.743966532
287 76 419727.25142081623
275 61 901984.8074472734
275 26 606381.0386828495
61 26 318852.78459077794
212 130 242614.6161977045
212 258 748057.4924709346
130 258 628444.371876889
130 274 14587.21623468051
274 258 685132.6498722725
274 93 43023.768978340595
130 93 22277.724634660157
130 325 278723.73242278706
330 356 51511.15500082937
330 284 77383.55477468284
356 284 493989.0554054781
356 89 455952.1440518137
330 89 719594.6513675007
356 351 420718.77206529595
230 34 346340.0258401883
230 362 423591.95459571976
330 195 708701.6505180257
195 89 594222.4784906398
93 195 512042.7406164564
93 245 232622.33915542797
195 245 45538.26441905362
93 89 698096.2209500644
249 180 565702.6125919281
249 141 716347.8778781609
180 141 521346.45294538117
249 16 371352.6016022414
249 372 107125.66772488064
362 249 451240.08736162435
362 141 571440.9123285202
279 28 919841.9539152129
279 253 195920.66546844412
28 253 479985.50315850717
28 282 314181.3827297366
279 282 51083.42711948399
28 362 871920.067608805
28 141 801901.8368170699
305 28 151114.72691407512
305 141 192418.81006719964
305 253 24877.935780429296
34 18 613198.6538878524
18 339 91340.10414857462
18 351 436365.5028674243
18 386 437713.97272012004
18 160 149784.74063302172
160 386 443406.05279383186
316 149 240124.25573665884
316 135 697792.8981633505
149 135 236956.1561110224
149 99 740661.3067634676
149 128 880628.2844445202
99 128 499709.772320693
149 236 570250.1483219952
33 279 602753.5799990435
33 253 5915.802214522814
125 118 706175.3643627985
125 147 473375.414245067
118 147 366219.9894595998
118 309 287196.081063427
309 147 569395.8538409992
15 125 753720.9871269002
15 147 505795.25004143687
305 155 556418.3037891821
155 253 71871.66710376536
155 33 833785.061922448
305 198 340436.1627270028
305 355 61983.96324134991
198 355 800239.0959638788
198 269 86659.25013490161
305 269 283923.0494488325
196 23 209693.96613591185
196 262 831891.4572859841
23 262 22482.9924715948
23 168 367482.975717283
23 108 188159.748811052
168 108 216710.88023470342
142 77 702937.8119122303
77 229 548856.5793743656
346 142 556223.3367304611
346 94 6993.541483962585
142 94 541193.7495113272
346 77 413878.6202385839
265 302 662941.1701197332
265 13 596975.2949648576
302 13 473564.02391827956
123 293 681237.2381330889
123 194 931932.0169128632
73 123 324647.24571328185
73 194 946580.9601657854
161 293 660244.1354749213
161 292 687.1995910499029
161 236 705912.3034456583
161 124 263107.46910476533
234 338 223146.36995264713
234 73 440415.3991258435
234 247 992441.0483857286
338 242 73823.41813943871
242 292 305838.7154096803
242 124 150436.05682524096
242 161 915158.2367643396
247 144 373585.681715461
144 146 729266.2933215483
234 395 268627.00453064294
395 247 952532.0864688256
92 395 223339.90665364068
92 371 585626.8653828026
395 371 578800.7777517011
395 70 399456.8735753494
92 70 890964.0425613385
336 149 646638.4901150597
336 128 811281.9368861337
93 278 551990.1165254975
278 89 219016.2410343982
278 160 145325.38537422457
278 38 201622.5961390512
278 325 593690.9125056157
278 130 253555.711213879
287 387 403854.8440843349
387 76 36998.74343610721
268 302 393240.4302112209
268 380 817660.7549780934
302 380 464341.55266901443
268 13 165229.2167451529
388 358 569425.8289488757
388 86 812794.4589092912
358 86 170508.6580899987
106 388 599273.0709080353
106 86 983985.826756032
51 93 441276.88868186576
51 245 763499.8059408354
51 274 483914.5484233355
27 275 916338.906854226
27 12 47036.55879475876
275 12 660286.194333513
219 270 549097.5031366514
219 177 155509.54121082817
270 177 205675.7598776894
275 219 712339.8548034318
219 61 764358.4611638784
248 150 638557.8137299642
248 29 705856.8550399262
150 29 763351.0537714536
150 199 843081.2462095304
248 199 951085.7036694564
248 31 229797.097890586
31 199 573542.7729473809
31 358 114115.50358048872
358 199 925917.0219440978
31 212 916950.5500841275
31 258 793441.398905096
59 384 943688.8613416958
59 29 533618.9729743401
384 29 469869.1319638595
384 248 406901.5706283786
176 330 506370.47231806343
176 284 367422.50329842773
34 176 624377.9865364927
230 176 12867.320381793945
156 219 929013.8218661828
156 177 185549.40115476638
156 61 54855.4247364843
297 33 150441.31432067175
297 101 645315.1617227971
33 101 633852.4058314885
297 279 457253.49493056186
378 381 706286.9831995544
378 52 41980.88771956865
381 52 105236.99895416005
86 378 598813.6598802648
86 52 696728.1777611098
378 258 340587.0874778231
86 258 163904.31856626685
274 378 774916.4530162341
266 378 839860.4883987602
266 274 304698.0617303837
51 266 486928.62233792513
193 262 791450.8817601971
193 135 805164.8766479089
262 135 442816.6973188844
149 193 51845.62958069439
214 196 491409.06368006807
214 262 47520.39698831223
193 214 307050.9956788932
39 168 451251.28551670344
39 350 184033.50050408053
168 350 294311.52880803123
162 39 212295.6786186715
162 350 99047.79990000401
45 125 944172.3907285213
45 101 855934.7346239601
125 101 533192.4872110039
33 45 640111.7574441065
45 118 460338.3392062781
118 391 84121.2914572358
45 391 996643.0489450359
45 155 179950.97726164645
155 391 41355.50865132709
309 181 36174.0909497712
309 68 429248.351104269
181 68 678658.1269245476
118 181 603768.5929356575
181 393 500591.25514101534
393 68 594461.6512038715
393 226 680147.9432516799
181 226 868098.9538447319
226 391 842514.5314896591
181 391 736460.2362161542
200 155 436277.42882795614
200 305 224019.58991106096
23 322 358966.49793621514
322 168 978190.5158035327
322 196 536802.7900520317
344 226 482443.78614483896
344 355 230520.67945796374
226 355 935917.3978145642
344 393 381211.0179383962
203 263 85134.57444604022
203 87 994480.25337467
263 87 456234.0629207772
346 65 122265.08484513598
65 77 131052.16327944657
65 203 670151.9570255083
65 87 512993.00611308793
203 346 342082.68534546206
2 265 314717.52750201966
2 367 577957.6369393172
265 367 663340.7390069938
2 302 515118.3038695466
2 380 347991.0493387939
367 380 894210.1570866704
139 162 912040.1397503563
139 350 969133.140859205
152 139 717207.2016180623
152 350 319813.396766542
139 178 674541.296467462
152 178 244527.2253678583
137 15 394575.80173043563
137 162 34023.524736771506
15 162 68617.58820395192
139 137 191230.32635179814
349 265 737851.0655288835
349 13 991675.9515131635
349 203 741886.4686112884
203 265 340979.4612363681
349 263 980584.8007093892
171 4 405244.31066807534
171 244 595389.3901391443
4 244 407292.1755397675
151 4 393262.143263717
151 91 947537.3860299295
4 91 412539.48977876245
112 321 829064.1887762364
112 208 903829.0063068477
321 208 318471.4031782132
395 373 35130.19428560393
373 371 440652.8861392844
373 383 538805.5421433257
395 383 118286.63328820921
373 136 826251.16100199
383 136 50500.27391283673
218 234 841623.9180841504
218 73 72849.83159803016
144 348 320252.18199500215
348 146 11098.176401301174
92 348 764650.0092309731
348 70 675220.9751783035
395 10 859814.9786916606
10 247 520389.8824974201
10 70 90069.53244810911
10 144 722364.4744947325
348 10 573215.2661665466
158 99 199517.44826190855
158 146 771276.614205523
348 158 844375.2775050824
99 396 822274.6028362415
396 128 18020.886119680446
168 204 245174.96156559847
204 350 912672.4164496087
277 329 98606.48769915648
277 342 870037.3646950262
329 342 564113.2953955552
366 59 419369.5362152078
366 29 68282.42317685351
366 120 912304.6600829334
120 59 746196.3868077783
59 138 878259.1771530241
59 327 492241.85651655094
138 327 432102.01975433104
120 179 4995.639707206401
179 59 771996.972046965
98 127 778806.4989664623
98 19 65466.86223309506
127 19 682081.3514941348
333 117 398191.9472469122
117 398 573434.1232933546
35 117 834918.8819083947
35 333 899616.2654531994
127 117 387167.94705356116
127 35 799932.5982180465
117 216 688734.4781364874
127 216 505410.55470875994
360 35 792488.8076735276
360 333 334229.14539787616
127 360 72906.15617748753
360 19 279062.66542642075
86 131 775161.2086565136
131 258 552978.2357509497
358 131 820944.6068365913
131 31 280898.1426120283
358 36 975698.9259733073
36 199 249080.3224346795
106 290 676392.0516207179
290 388 121243.12202771292
126 86 992298.6795283379
126 52 461835.8283771916
126 106 391966.6112157497
381 126 117405.2877004037
126 201 675631.1365438448
381 201 566812.918495005
27 334 382550.98904653615
334 275 335230.2112947374
219 334 307886.51994020643
334 270 711584.7644736054
334 106 44306.22995462108
106 270 487252.11385484703
232 59 74547.96382408125
232 327 609004.6684372444
232 384 294465.73641714646
232 248 453591.361794765
232 31 306967.49263960856
250 156 536516.4787594638
250 177 840254.7585056828
156 165 568155.1661163454
250 165 6561.663857028388
270 250 1477.8933450498855
250 126 179548.54383080977
126 165 486805.47053683444
106 250 270526.95863463474
156 205 368946.605408576
205 61 593735.6996260476
205 394 521224.986117829
394 61 30166.660464273966
205 297 837977.9115984543
205 101 850834.5518989221
297 156 415145.005399825
301 156 42269.46085158978
301 165 743127.0287466189
301 297 968360.6731204336
266 295 330826.4535046841
295 378 990684.0787304284
381 188 296655.2274395712
188 201 662265.1268864843
211 399 445662.7237994975
211 282 282678.5180202827
399 282 464497.0392293837
399 176 531937.4071276329
399 230 747768.2811522327
188 399 837036.1022880952
188 211 246571.09100854147
399 330 322328.16316793935
202 193 996028.9588450601
202 149 653378.2944564353
336 202 438029.2343862232
214 202 303147.6443779335
214 41 204820.081240634
202 41 962668.1539340015
202 332 842887.3361895945
332 41 75504.69992107734
332 336 3077.785570010483
309 217 173639.74081492805
217 147 534208.5489855397
39 217 297014.8863933353
39 309 291713.86959607026
217 162 504328.0543460089
217 15 525810.6227185788
111 309 221960.464009492
111 68 994696.9181143285
111 39 440171.0356186831
168 111 682829.1516104515
111 108 623566.2395921533
323 200 216525.44003098528
323 305 236691.50652993686
323 355 719712.6622665143
226 323 143516.07334006566
132 226 718009.9027674765
132 391 956049.3529001836
155 132 568016.6456944569
200 132 206791.28701252025
132 323 349059.90838842426
214 254 917550.8691888128
254 196 783314.4768529644
254 322 352388.53464788356
42 23 243921.42373759486
42 108 373990.3371763784
42 262 299206.41136082995
100 198 936331.0000209006
100 269 492015.41465987364
96 100 20091.756167574084
96 269 356714.0638144063
220 11 870920.8062369289
220 94 4901.756691632176
11 94 827653.6402485822
216 11 103124.9325843775
367 85 655561.0239569532
85 380 995802.2079878997
265 85 218944.1071269943
127 85 342430.26097117556
85 216 633845.6686804763
85 98 668963.8014782934
98 380 563337.1556859543
125 1 354007.8933210554
1 101 686009.9919523598
15 1 547362.8510355353
137 1 649886.9634637951
44 291 40431.6031857741
44 26 6552.573958051089
291 26 598079.8663925522
311 44 884208.865303934
311 26 377509.6494668095
97 44 595394.3960199227
97 311 981140.0386758378
122 32 875440.0131378631
122 313 5764.8693809768665
32 313 355181.41011300584
382 275 437371.5335810788
382 26 153467.43639820837
291 382 268956.84050123533
382 12 805159.938579055
382 172 34846.72863563398
172 12 703836.8492279219
382 313 709081.2225814334
291 313 927618.900274528
172 313 135908.0491384773
61 129 526743.6361397823
129 26 706062.1124494761
129 311 454457.03920651815
394 129 926346.8890361058
129 178 943393.9120070754
394 178 882211.4239205383
152 370 368770.6141156306
370 178 904063.6403913286
237 4 428568.28094541444
237 151 795066.2740727671
172 21 644826.2223956209
172 48 889554.1002471728
21 48 835203.9393376539
273 197 29579.717525322736
273 169 72946.08203199893
197 169 44887.14383263381
172 153 620842.1797069326
153 12 825072.9114440816
267 4 715433.6418843336
267 171 743056.0132193248
267 103 922414.7798926731
267 229 892534.9891552579
77 352 821904.1440611207
352 229 375913.8561370462
263 352 496914.5113033214
352 87 330757.39255176095
352 65 999918.8284503574
224 171 956996.1136231385
224 244 174632.0382789347
103 240 658296.1419743727
240 194 542176.5580734075
379 92 878636.4486814007
379 371 139646.68444899152
324 379 709484.0657821828
324 374 981298.7269803829
379 374 469492.6397720509
379 69 523457.76459122007
379 83 634757.811301994
69 83 209057.32657306464
373 78 811005.5818292513
78 371 361724.00301763054
78 379 866888.6617780615
78 374 91763.27993903788
383 175 556721.6113597066
175 136 302604.53723948257
218 175 110828.75589481466
175 234 360083.0220554696
395 175 915679.831316841
240 271 123010.25347890549
271 194 36890.55192553636
271 73 781146.101195777
271 218 853248.459812684
271 112 454378.36680303887
271 136 613528.0683651624
112 136 439640.160950972
271 321 81313.26129626526
175 271 188557.55653213113
332 0 522265.2625349069
0 41 818311.8323809115
0 214 511665.2617469948
0 254 694660.0608667824
7 43 199223.4689353658
7 210 387920.62364753854
43 210 400743.89079761854
379 207 724269.6398327183
207 92 707483.6725527302
207 348 354374.66761893133
207 158 126151.334166979
207 396 601005.557097553
207 99 824901.8988695077
50 204 449681.00413714215
50 308 253484.8171444004
204 308 924345.5948480383
50 370 754304.6317826026
50 152 596366.4224080921
50 350 606010.859215316
370 97 744256.2043533617
50 97 163707.20376984694
256 204 694347.5830290552
256 168 321320.39726839314
256 308 517201.5836831327
67 329 947009.3014726564
67 283 844494.0686968615
329 283 661163.6556256351
268 67 809952.8387976963
268 283 528239.6655366124
366 64 648433.997230718
64 120 399030.6836966786
387 105 71567.95006667571
105 76 204494.12736250972
105 333 196378.97675985284
105 235 113104.53102422014
235 333 656750.9572396069
98 116 482195.62820897653
116 380 699555.1866554059
67 116 668098.5545973764
67 84 528460.0766620832
116 84 881197.1052087948
116 268 782913.3569126936
233 138 400816.1882398676
233 59 630035.1039716578
179 233 115947.72601569924
360 57 288770.2378360204
57 19 195202.2196486912
235 57 606960.3117311121
57 333 554340.6517897107
268 304 487385.28900674783
304 13 423266.7537286222
102 304 238517.37383107786
102 268 133975.46836913688
304 349 364682.22183616913
304 263 473350.7409706571
102 263 304312.1495210771
36 238 319370.4336508105
238 199 751252.6706550521
238 388 203980.62167026143
36 388 238231.3549981555
314 303 788463.0212855178
314 368 553718.9936477643
303 368 476106.16292295925
314 64 144201.9393940127
314 366 532934.8367787274
150 314 394237.22970364406
314 29 202054.70941326942
110 238 172992.87654972594
110 388 348957.6392537487
238 303 404080.3538309954
110 303 624187.0899017632
27 191 470324.5106990814
27 3 756003.7746204439
191 3 594039.8209118271
191 110 625040.8220761914
110 3 175490.00582201235
191 303 865201.9547963447
365 191 204701.17110771747
365 12 894401.495909966
191 12 156554.12656219304
368 191 133097.1266640687
368 365 637604.366191052
222 358 270824.2077586629
222 388 65327.51750811683
36 222 31659.57457828916
167 290 45188.73426500414
167 106 872660.0795964618
334 167 739984.0580398075
167 27 256938.9718032815
167 3 523715.23283038026
189 232 652788.188172307
189 327 226089.33280916166
387 189 480159.47396515514
387 327 376108.43675086845
189 287 395117.08748507657
189 212 322988.2375151756
31 189 196218.07555414218
397 301 570814.6106271099
397 165 760421.2943852636
397 126 906725.2675452373
397 201 874526.7285157106
81 188 579683.3341924581
81 381 904755.1239063992
399 319 77787.75861704812
319 282 786652.0617043255
28 319 796497.0940397491
319 362 548651.4331588182
319 230 827933.4877965663
47 390 454404.65300118073
47 108 981887.2828648752
390 108 213172.70185208204
390 344 710372.672372644
47 344 862841.2930144091
47 393 281104.7830175464
111 47 869410.7416269693
47 68 61587.076518299196
221 316 30095.51385422726
221 135 198308.25205591685
262 221 818650.6190362828
42 221 437824.3491252981
164 306 140838.15747921745
164 316 493958.9396770101
306 316 527692.4021785894
316 269 720536.8052742871
306 269 95564.68072110569
306 96 299172.44412786403
96 56 655593.0061489476
56 100 673060.1010060093
56 298 855247.260229786
56 198 605656.2006420802
298 198 806857.7564687794
315 340 176793.76034696182
315 298 680554.0847030235
340 298 114069.49686101441
56 315 258596.09019159945
315 96 712857.0237620779
315 288 536793.4962063152
288 340 10784.151984482682
306 315 884741.2117674814
315 164 62806.69225824609
288 164 164093.55312979058
198 49 724337.8753135232
49 355 27730.651167465538
49 344 669763.941616242
49 390 255798.48292282925
343 203 677126.110278541
343 346 921731.013346921
343 94 474980.14397269883
11 343 304527.98241407244
205 62 756340.8153964417
62 394 983650.1477572471
62 101 677496.6654656994
1 62 322978.7837154289
377 1 141066.17314759173
377 137 411810.08553294395
377 139 600257.9461692938
62 377 124646.61530621369
377 394 847626.5354279422
377 178 332791.9699894065
187 71 669937.7787247078
187 213 798941.7484751454
71 213 330979.22408371494
32 187 554969.3653402532
32 213 154368.58502793784
187 122 435275.1650364145
122 71 651971.2721695683
71 55 748449.5355088846
71 174 422681.5702869726
55 174 806460.8056652276
55 97 50140.84281420317
97 174 844130.3085471904
55 44 678939.1601890826
44 257 545481.5571033376
257 291 560172.2838754851
257 313 698449.7525528882
257 122 124967.34528160181
257 71 602343.4720701902
190 129 335549.4419933469
190 178 431685.7377305706
370 190 257976.40119820187
190 311 518210.77643351874
190 97 104979.66617047916
4 109 357535.70424168836
109 244 964481.4857379486
237 109 957010.0193818975
109 223 778513.7461128845
223 244 797014.1012302275
312 21 254694.35623148308
312 389 792057.4948952765
21 389 223362.39228844712
192 172 480014.761588523
192 313 397921.419934701
192 21 794307.3118845157
8 172 888643.3938225047
8 48 380080.61410060944
8 153 890680.3468730672
365 157 353928.99305309413
365 169 810185.7754706073
157 169 772959.0934956261
157 12 660809.1818509108
153 157 448133.59849793033
184 267 942116.2290196148
184 229 891880.4245430031
352 184 641404.7118956513
184 281 508805.25203339977
184 91 813141.2455531884
281 91 731278.3666581184
4 184 238544.54999181762
206 267 647460.539565027
206 171 763561.0882537025
224 206 617462.0219622037
261 112 440284.0974051241
261 208 316884.7967466405
326 261 375889.74548550416
326 208 202503.98456157857
261 260 120611.41324590519
260 112 790757.234014171
260 280 793273.2708445673
261 280 832023.9568689183
310 261 430400.2148273551
310 326 709250.7214125269
310 280 686331.8561043971
296 310 667749.9164545893
296 326 949411.4670170797
310 72 605651.9936419032
296 72 313330.88861504133
74 224 536852.5440643358
74 244 708621.460931101
224 296 389711.9699702947
74 296 898803.3861383152
223 74 662112.5246082979
74 72 735013.7617852471
271 299 780533.0806881172
299 321 4771.282497437191
299 240 340019.94229019375
276 326 714791.8252043924
276 208 240918.19166073282
14 90 485570.8117333114
14 40 608733.1441881643
90 40 381065.1482045945
21 14 540494.4560097469
14 389 308820.9171617593
192 14 655355.6430558459
69 20 275656.3391014619
69 60 532240.7292285998
20 60 230788.24468878945
20 379 681417.0563324968
20 324 77149.97686783709
71 88 729827.9874499001
88 213 913935.2108004505
88 174 171576.69660206354
80 88 838398.7681387562
80 60 24687.099424642533
88 60 509225.16348581883
318 392 235354.865906215
318 331 840536.6329335568
392 331 179295.96039152186
7 79 815646.0175626165
7 396 302635.9987305053
79 396 160782.22180662194
79 336 559132.381252888
79 128 927429.1696837718
79 332 231595.1118385182
332 210 448670.5547768776
79 210 209978.40292925262
357 7 854548.7172215362
357 396 488319.27600753575
207 357 641586.9333996802
357 43 442469.1705393099
357 379 386358.79782893066
357 83 803261.0988759694
158 246 431882.9587833877
246 99 54637.39760877817
246 207 161516.06425419453
285 357 112526.2764880025
285 83 608097.3166884123
285 43 279485.47166364937
69 285 864448.4429311868
285 60 838737.3111880718
148 285 887736.5703281824
148 60 492320.0028163074
43 166 789019.2109050227
166 210 280164.3825203606
166 332 213289.87788581254
166 0 281249.0277815983
285 166 882391.129642451
166 148 434765.3038675553
50 317 580317.766165313
317 97 39298.689062782
317 159 904779.5533698224
50 159 101436.02814717645
317 174 443865.5987096871
317 88 385252.4897962605
317 60 764933.602213707
256 25 452340.02179597167
25 308 522742.12852753344
25 166 778426.9000552595
166 308 63067.22720873204
322 25 533173.8512692321
25 168 276417.73857743776
186 67 868450.695724485
186 84 997948.0628013039
186 329 740054.6402494154
6 186 465341.6336181194
6 84 804894.6133928022
186 342 862931.9967221686
6 342 176746.16236259244
277 353 202919.3816847985
277 197 789818.5696225249
353 197 655626.5389551761
138 369 663645.1459758274
369 327 329514.61667481007
369 387 914968.5280782116
369 105 633378.3477420078
6 252 446756.3801441945
252 342 7472.497851479187
252 64 513896.6295933529
64 342 608211.6490978351
252 120 537682.7815689284
252 179 732305.3366565527
6 179 822865.5300242251
345 98 561168.7953437811
345 19 114710.87763180087
345 328 275236.11588879983
328 98 389908.2287480071
113 116 218924.30296477716
113 98 158625.62640362186
328 113 295705.8131834407
113 84 492799.6810646182
119 233 369849.4727789924
119 179 1526.614332070353
17 314 253587.81803225193
17 150 919735.0563468654
17 303 129088.36328834317
17 238 869195.2383488292
17 199 893486.8060326513
290 363 655635.4898111161
363 388 660670.1000975748
363 110 787779.3751484831
363 3 278025.4246560837
363 167 713103.0737183299
115 188 185283.69666859013
115 211 586251.295193379
115 282 166300.36612522526
215 295 52073.705337204345
215 266 45757.14492205241
81 215 474606.9320658397
81 266 540135.8684476692
215 381 72549.66688454855
378 215 354644.1941530396
30 81 462656.1548264253
30 266 158390.8006651783
30 188 701208.0760294974
354 221 314143.2660553556
354 42 144280.11848250043
354 390 340025.0425962307
354 121 647303.5215308528
390 121 165120.99729619245
354 108 977165.1631566396
288 251 970389.6636822724
251 340 333501.1637078819
251 354 302843.97457925405
251 121 978464.9681460022
354 288 653810.1071464773
243 288 106560.95935345955
243 164 959672.0896182344
243 316 245197.55560496481
221 243 382029.01517841045
354 243 721033.2684990893
390 5 307868.2995695733
5 121 65478.78360105253
49 5 509243.64303173486
53 49 479619.0915580705
53 198 455357.5510712883
298 53 584924.9851108929
340 53 72597.92004343135
5 53 243842.61740016087
5 340 577611.5029408116
54 343 305871.1008221141
54 11 470664.6869488698
54 203 871003.7709688672
55 294 117085.90658384254
294 44 122380.98862628976
294 257 531607.5766041875
294 71 610687.0620902292
9 109 985216.7590863862
9 237 572644.2065681159
9 223 859535.0172422377
239 209 593309.2654299602
239 48 898962.85384566
209 48 459639.0343635256
209 273 113412.91273543108
239 273 472452.16261095094
312 255 963983.2085016785
255 21 256477.71792240193
255 48 483269.85632251395
255 239 552183.4374801557
329 337 985824.0975283859
337 283 282124.7875523495
337 277 351256.826271365
337 197 913282.9376181146
273 337 768596.3628011054
337 268 694603.2181553711
337 102 979492.0090461137
8 183 178317.89280587772
183 153 229621.56824891365
157 183 873451.162170393
183 169 203295.86266385703
183 273 29494.823422733683
183 209 314172.69496505905
183 48 327396.99007176934
184 143 330019.173139426
143 281 403407.72697617766
143 352 864974.7606175777
143 263 762886.035329462
102 143 491284.62541471684
143 91 273619.1330870277
102 91 231229.7180113123
95 224 434383.7495209281
95 225 879765.7961185774
224 225 872535.5978181623
95 206 608276.6208286497
95 103 742046.8120821248
225 103 127963.1823405899
267 95 707383.8781869996
260 300 309726.41489885864
300 112 336662.547299192
300 136 676413.9233599844
300 392 763905.1822615392
300 78 197942.91141588104
392 78 713097.0899765085
300 373 391772.8334228986
300 331 201481.786725224
280 320 488607.3254432631
280 331 325435.0201578882
320 331 499519.95394388394
310 320 934300.0040897757
321 185 231692.64645271449
185 208 464687.7214171594
299 185 299048.9421300938
185 240 834830.2794822197
66 240 143325.5817883341
66 103 504471.3488248841
225 66 813177.2139608783
224 66 697180.6269265614
286 14 495228.2048907677
286 192 489146.5208774811
32 286 216430.63190717582
286 313 45057.901860211525
286 90 823782.9975367612
286 213 960795.8250546942
90 213 478188.81885666173
133 20 699328.2000105699
133 324 731190.3015549497
133 80 601018.1324547863
133 60 383646.1184759573
133 374 469896.3846450086
88 231 383525.3699692392
231 213 799994.0429482781
24 392 928785.8350374112
24 318 652772.5460826814
50 264 88294.24404261133
264 159 951649.6330998972
264 145 344814.97748821456
145 159 605129.8823693995
264 308 349570.308579408
166 264 183452.14983395787
145 148 742620.6863838412
264 148 31690.441536708302
307 148 163738.4401154922
307 60 772881.5379744254
307 145 895389.1929700933
307 159 615498.4939582964
317 307 821938.2943247026
166 134 939096.5386736998
134 0 337978.5700069214
25 134 59407.93621849571
134 322 815996.9792541992
314 63 772996.2434110419
63 64 317509.36132486764
63 342 231875.16001320997
63 368 524289.8469317389
353 63 525210.6780222274
353 368 84907.20537328256
63 277 868238.9395265036
197 359 321139.06479111343
359 169 909371.7616482144
353 359 155348.53099199253
359 368 10594.67283853599
359 365 573250.91227637
369 173 801830.4190019732
173 105 4732.262146769916
233 173 220291.2682110293
173 138 8495.846542952879
376 6 875194.084713943
376 84 907439.804832171
113 376 454244.83471142175
376 179 829605.4218636341
376 328 261893.44860904905
328 179 917824.9100938613
345 347 508814.12629882083
347 328 260023.79470953596
347 179 580287.4894214498
347 119 548272.8727221926
347 19 797075.2930874076
57 347 755658.089017608
119 57 264303.70255003165
37 397 108468.1868097116
37 201 313893.72168784804
188 37 771121.2384077249
115 37 797708.3004219157
279 107 25917.096045555143
107 282 729930.8166774273
107 115 535484.2347906363
107 37 768338.5306619079
297 107 943044.4375310893
22 266 427204.47788953397
22 51 375467.60756584216
22 30 589350.827374009
22 245 739370.5724825005
195 22 619929.8087150432
22 330 439470.41509464727
399 22 433386.1107719711
22 188 876078.1488947392
251 335 22476.18790630068
335 340 632159.0023001696
335 5 723969.6226770409
335 121 429662.63901086187
75 11 122149.63732909979
75 216 707936.3735870344
75 54 453346.43011853157
9 228 594264.0650936072
9 312 218835.42746671016
228 312 882874.4619332042
228 255 931712.734147038
255 151 487617.132016815
228 151 794392.8906866428
228 237 828224.2868493653
239 375 724529.7877593583
375 273 346483.6058216174
375 337 510562.55152375775
375 102 609718.5685642436
375 91 473550.5228651153
375 151 773033.0996453932
375 255 384229.70656704955
300 46 142033.66371780736
46 331 429216.2855814169
46 260 745452.7441463621
46 280 134120.05393319647
114 320 405342.3113544822
114 40 242106.31723811815
320 40 344137.12607103295
90 114 484891.03708833695
114 318 929766.1810970807
114 331 768329.2751376772
114 213 978608.6861894437
320 364 570569.7718772151
364 40 107954.31598400329
364 14 798999.0115789989
361 276 604393.2302293476
361 208 389690.4723992728
185 361 7310.21999711523
361 240 244404.73850165278
163 133 95060.2167571446
163 374 354321.12120897905
133 318 676082.8589884673
163 318 301190.3471542917
163 24 996168.8143798185
254 341 933474.1752127074
341 322 104754.89560313667
341 134 803792.5528957513
0 341 780177.191026882
119 227 514871.89334737527
227 233 812916.5058828014
227 173 935527.3149543849
227 105 557215.2079686197
227 235 424694.00708034897
227 57 665389.6619270629
397 289 965133.7586998711
289 301 225864.71843594237
37 289 514701.1841999977
289 297 879898.9572899295
289 107 432560.6448916068
75 182 432631.28862838465
182 54 726502.3799165897
182 203 186948.93327142813
85 182 673106.7065195058
182 216 161338.86223657534
182 265 948655.207297697
231 272 787721.5769556409
272 213 548037.1980240295
272 114 142336.97487854678
170 272 596201.8844393884
170 231 555608.5632790478
272 318 464340.57376080175
14 104 680262.2537140864
104 389 413424.7188990604
364 104 618755.5082495267
58 320 824225.614472922
58 310 552204.4266549399
58 364 712599.0627232522
58 312 302492.5880449061
58 389 198704.2859646261
104 58 476035.98831776617
58 9 427114.21749897307
58 223 960844.2783608562
58 74 371475.6266329949
58 72 483321.20128025225
361 385 256995.935954508
385 276 96990.53169761007
385 326 277878.9512052625
154 163 861247.9005273215
154 374 658595.3530244615
154 24 12425.218018979556
154 392 519413.89352074865
78 154 240132.39206159321
82 133 648978.4124510586
82 318 142688.18632124536
82 170 130061.0441832668
170 133 498951.9933231682
272 82 722878.0585216309
133 140 607315.9192785064
140 80 533724.852670083
170 140 617992.096918912
140 231 176076.9179603967
140 88 73845.6564635186
385 241 288553.4471564607
241 326 850878.5385428722
241 296 948575.313993228
66 241 186808.9785247944
241 240 906373.742667224
241 224 236638.4835513542
241 361 548058.279697148
