50 135
0 991416.403958399 868148.1568500595
1 277826.8064213455 42989.873558883395
2 763634.0942757318 428791.0320426751
3 766294.2545170517 104818.98235985154
4 890573.1291686688 495164.1402224187
5 338373.8916285424 38967.869304322056
6 854179.2996765106 105813.39728640471
7 947027.2280859501 77693.99960318135
8 760695.9071888269 535666.6841818328
9 804849.744420283 364042.0876092779
10 109312.274984533 788183.3199303114
11 753871.0458257284 899067.1462031263
12 950320.2911245743 250770.85970406077
13 718038.5655429658 541300.2304858664
14 899778.0555592417 855166.5051633018
15 50577.99192856072 900542.4837150217
16 728731.7928131042 996976.0429814757
17 54664.110867000185 717225.7203058153
18 823176.3577465843 617717.5866276578
19 27318.38762966976 622655.2640593818
20 178698.17085602213 658362.470401307
21 871861.7459077215 852087.560699679
22 276386.71262003144 817075.2409662342
23 969872.4455151381 700709.5552356383
24 3249.584301116104 788136.2751929844
25 720900.728528155 346243.9078371442
26 211608.13255182677 703696.0106979427
27 373981.1061539949 523949.62657492014
28 780099.2153533795 488859.79744897835
29 706005.8701992129 543140.5206962102
30 329561.28795006813 969638.6848986915
31 633882.2920670046 152961.1257793112
32 521227.4167497687 21507.757263771633
33 846155.8193056117 759563.3282481884
34 357996.27952187986 655419.6839399369
35 511384.98679866776 479132.68136539136
36 432764.0353962473 182600.00901181562
37 318036.4614296604 952251.3152017952
38 877125.5749815879 954674.5210555416
39 13413.470374351144 77391.2068624083
40 824286.4070507882 119365.71576675326
41 734734.4326570386 967822.8959001127
42 949607.0079694166 413555.19619394786
43 330637.9971605976 537668.9839317201
44 988413.2698226484 878202.4918164122
45 992748.4451136503 711761.1819542728
46 130935.04891858465 523565.1626689264
47 169521.34184533896 617083.2997664534
48 709132.4130198868 113668.98062704178
49 33591.05256497097 304651.4638912891
36 25 990053.4754054055
36 35 209739.64246511078
25 35 623920.2447165453
25 40 903042.9719689153
25 9 205777.61269835825
40 9 191563.19800620235
43 34 881093.717295114
43 47 976611.9571109758
34 47 295214.70554486115
14 0 1156.9782482880876
14 44 282329.1692565284
0 44 119061.21905083855
14 38 602357.6115484018
44 38 150276.53289103493
0 45 351328.0772536961
14 45 649338.9931320386
10 15 841936.0589639207
10 24 53232.3775450082
15 24 920918.0260592228
16 41 388901.9852171161
16 38 893684.0422933657
41 38 321042.88821778004
41 30 121942.6315543034
16 30 999798.8555086626
36 5 875372.1273774628
36 32 792766.0144803254
5 32 358237.10773657635
5 1 719497.4075011909
1 32 275847.07009449095
1 36 74967.2136013082
25 29 465044.4604251498
29 35 341143.5031893846
29 34 732490.4633174294
34 35 226806.74088151188
29 18 358124.0754044254
29 33 99935.7572341425
18 33 921519.1733522161
2 25 440539.9073913172
2 9 873192.3129727482
2 29 533674.7495457635
31 36 643523.8226475936
31 32 774797.0765926017
31 25 699501.0230346941
27 36 50873.207659873246
27 35 490912.35553851654
27 43 990266.8788984148
43 36 10798.507797137314
34 27 89427.7524304844
1 49 267111.2372230847
1 39 287145.2400183042
49 39 171818.80767926527
39 24 918135.5836328388
49 24 180770.45160736138
49 19 877246.6409086186
19 24 587258.5518463312
49 36 417818.05236697133
43 49 370509.61353290733
40 12 494927.9297446391
12 9 666287.9374992053
6 12 604427.3307197832
6 40 174318.28639976887
12 42 600232.9180758181
42 9 143629.38790452463
12 7 232825.77995964538
6 7 125803.21944008366
12 45 393634.59222154564
7 45 570250.1674410684
42 45 396028.4323592624
21 14 949357.7346614792
21 38 328176.33386722545
14 33 711497.9831188027
21 33 854617.7040600242
37 34 261174.32776019067
37 30 606523.2236145186
34 30 408875.8392881744
15 37 835534.0412267946
15 30 629973.8196883851
17 19 360713.0848638239
17 47 823047.0196817743
19 47 409044.9914756215
17 24 899891.1165565284
17 10 342242.71154436737
23 42 587227.3929941776
23 45 251562.67021889822
18 23 225786.2725389319
23 33 993018.3837635219
14 23 980963.6600989258
4 8 502039.84076712746
4 28 638841.3880417623
8 28 703721.0459269974
4 18 616351.3107115601
18 8 1054.7066734025723
42 4 801739.1180236436
4 9 510430.04643563816
23 4 202362.62739765565
4 2 695553.3504280848
2 28 525165.4099176868
8 13 379269.6359264385
13 28 907715.0769756162
13 2 194822.16389740238
13 29 939809.0289967081
18 13 573990.9121534094
48 31 977157.696959343
48 32 318496.55661262164
48 25 885714.1863865854
46 43 877.0563534163945
46 47 358558.2161826107
46 49 955795.7711487373
19 46 298217.592626526
21 11 846706.0399709364
11 33 809012.847329347
11 29 795671.8012812177
41 11 37988.73942400805
11 38 168110.99514546647
11 34 504515.0058773709
11 30 451099.157264759
37 22 655893.0404305988
22 34 937921.4809486456
22 26 177504.6719224277
26 34 352212.26676483895
26 10 351898.3971207157
22 10 772161.5360411308
22 15 211880.36124422683
20 26 899622.726160762
20 10 105723.44374424448
17 20 371397.8520298143
20 47 354847.7243553364
34 20 174925.38090252463
25 3 77479.24993849697
3 40 930957.9674302527
48 3 26908.328341925357
3 6 214720.4105691951
3 32 167450.9198648295
7 3 318969.39520674915
7 32 428537.9389827602
