800 2376
0 109874.40843958629 150070.409347843
1 90398.20890947281 349158.62957759766
2 68939.55110671735 139981.31985083784
3 830606.0099003888 194919.37885997267
4 528082.6863303309 949483.6830120463
5 830618.1969829594 674673.4085387689
6 698240.699487388 204611.36956893644
7 39905.29256547559 748903.1224828941
8 592706.318335711 130350.91572901358
9 871820.1749727529 959387.5531995079
10 643810.860903027 668823.6721547788
11 518988.53490095807 625069.8146709737
12 619554.6722111746 673262.2640470399
13 724270.9148540947 495670.1695137635
14 545541.7182759966 562026.1466687636
15 121310.2389383649 851847.4366747352
16 952271.6793293239 167945.9663370364
17 325917.86548318394 765648.9215368431
18 866198.0056223662 900017.9027001589
19 723957.521107414 21144.843715508177
20 998558.5949795671 426371.5277891909
21 128540.78246062085 395595.8767054086
22 955047.0598040478 159901.87700598134
23 981325.2992706951 378446.3225750767
24 755620.9596357231 567578.3047881204
25 829296.7246967419 843647.5657180585
26 98147.26014046215 790124.9991057586
27 120817.69897193617 536317.357806187
28 839813.5357295802 303345.68554118904
29 972196.3918407805 531294.9827423042
30 398777.11863890465 179932.74048102438
31 173402.71167055244 389667.05498487287
32 283675.4892741643 26441.48786947409
33 732362.5051026401 95342.30072678806
34 998850.4238192532 91315.28389166166
35 158991.94514019456 329697.33910016087
36 523628.10979646543 111068.01586325422
37 488432.30362996313 123255.00294508008
38 992962.4809534907 627564.4415106878
39 166135.14656788952 173015.30220959982
40 971991.191029078 344402.3908613197
41 516391.5907891863 418716.5763635966
42 643667.499174622 946227.9844764736
43 436862.89883385896 797756.2517934778
44 600726.99505178 968084.1265810996
45 935462.7803118484 892749.6243209301
46 662017.8739999926 607812.7382448891
47 157552.53801274693 610345.4448538261
48 885502.2086570774 320924.12226003467
49 122342.7576459687 299937.09565398283
50 64445.894032474695 880805.7387004121
51 735531.346510842 20479.16435131114
52 677974.2945532079 508316.1292615421
53 132845.10413030192 414213.10803872737
54 649585.2228383251 746958.8970830778
55 592380.7939051304 593539.7222934288
56 305041.27881974576 826864.6250604447
57 683522.4152500465 547207.144298365
58 168040.44626929215 724016.4932216682
59 712982.5469074085 346471.24093226023
60 861635.162952518 432118.1806157922
61 731085.1364487848 384381.7160985061
62 521350.6309613444 249481.7342431094
63 793931.7373200436 788801.5863494078
64 773560.5133821869 515167.25582818245
65 622961.5882943205 292872.26924909407
66 705094.6545428911 724739.7277183789
67 637561.0807544532 848708.7500841297
68 373616.082786653 176323.9119247364
69 837684.2692919099 392275.5129883907
70 678924.8697559062 540600.8868740379
71 452432.4367558409 140348.1454206711
72 672907.5260948399 522890.9849918493
73 27938.256303504106 775805.4151025924
74 789670.8417623554 409457.43163237657
75 961299.556756844 290769.1455939364
76 211841.3746429656 686497.1704710746
77 99212.14278545642 527624.9166833017
78 371803.8190370316 78082.37947648866
79 56056.201146619685 382742.67978644004
80 895283.8936176928 80303.10846410216
81 113342.24483180522 891167.2041157687
82 969998.8665606345 487211.52395750856
83 348074.1262101453 880361.016235992
84 481337.75720060954 480186.7609936236
85 543447.3622618492 597779.379686221
86 818285.5093149913 707496.036533044
87 85110.98508847304 366793.8517969458
88 570377.8346570776 898869.4592755177
89 428345.19060995633 83712.06320363023
90 505205.00527206523 331890.8300790906
91 211369.90605295237 186419.75017118428
92 850734.4168695625 763014.8137955007
93 691456.722946356 159820.71247105923
94 914651.8058725654 447326.25172429596
95 513378.4450295247 114458.67535481347
96 694427.1160011111 330510.60643154685
97 967601.8320276235 266958.93382401916
98 166416.15908608297 215115.32837338676
99 899822.8972986449 920863.4146438325
100 562464.3341622065 695323.3584896114
101 422544.43098114216 92879.87216660364
102 853881.7752126058 623806.294259487
103 128994.07108761462 298723.24094453553
104 157299.49546864163 882055.3293944153
105 378515.9328680366 737671.5887011191
106 365145.61477974814 727993.5627771557
107 181434.44532065245 226399.83109786356
108 937082.83104375 949659.8006278473
109 664600.4410926611 530836.4428344454
110 765537.0093432539 671793.1439932246
111 412329.2319900803 804830.9413624203
112 117023.8709934911 12567.315588471905
113 433972.2995985026 873992.9536861421
114 890964.9941268282 535456.985271934
115 601478.014011525 591007.626202641
116 729303.940519524 830901.4771118651
117 797722.0119778994 892874.7544694957
118 751944.6201247124 8538.082533003366
119 362674.9170912203 758300.7730569773
120 524236.7933362969 536072.2736211176
121 77502.2077163472 734230.7729102557
122 262123.60437233018 311304.59963695146
123 89417.36598765182 381661.00199025666
124 703939.1053604725 298718.44206950493
125 666289.7809247872 687478.3593165718
126 262172.65071386244 899482.4654607306
127 182374.3169769094 796452.2943902576
128 944564.4398090024 153985.23369982786
129 605925.7870530295 938262.2308946459
130 173466.49853071882 228949.02280059014
131 195078.5358019468 900770.7353180501
132 28191.547550578398 217665.1488250827
133 20640.82745272222 605676.7535804028
134 213784.285536745 761408.7190164817
135 105444.38310773263 278398.5454765465
136 905957.8434818428 6183.45471762427
137 216987.80903645477 833302.0338116493
138 964418.6591920753 112613.47557058121
139 120824.46362110821 914651.3931309487
140 859135.7777213353 756244.1944469156
141 626302.2393120603 955155.773300577
142 557481.9211347229 713708.3972685063
143 536574.8639586692 136189.08561666677
144 116701.742773057 446421.69190506375
145 78277.04487692144 855602.7292669087
146 933243.2323022797 879100.3656977593
147 772798.8912392011 462743.11040182615
148 891773.1898562249 192552.75831520758
149 401130.1222849005 118987.4444685003
150 621667.4170912558 639736.2945399196
151 112226.36338720281 837070.8191171272
152 260664.5295531893 282571.71907375444
153 522362.63102011324 644850.3399603915
154 619643.617094217 752243.453153477
155 722687.8152831978 175272.74533712468
156 172929.91033243388 490520.0199446189
157 53625.47882633939 702475.8804057343
158 350251.7322363902 501761.1006258158
159 991098.6944879657 74468.62848123837
160 118138.99185454435 800471.076208424
161 869638.7854142715 339944.84992457216
162 192443.19626698535 489338.75399143924
163 278747.48390249314 634132.5615464529
164 732973.4308495134 119642.1355016689
165 884322.228253867 307284.91716015583
166 602089.6351850039 915293.9544633821
167 504418.6513627775 998001.6723573885
168 813702.60039724 423974.12516915676
169 975371.915656596 966880.6855583831
170 83653.25184538841 332109.02185114264
171 611119.7565340976 618887.3066448568
172 670977.1751149278 495965.3690741759
173 774974.8636515612 965368.7248698047
174 953287.445948235 515633.5991826646
175 280699.6666351307 996076.7481682549
176 708171.6920559255 942226.387147883
177 905872.0229412586 718119.9701438652
178 264839.7300101608 165716.8645499858
179 7288.298089410338 140799.03244011238
180 223190.6639146438 396830.09334504884
181 445764.2792028347 285423.16634973086
182 602948.8329336469 966234.394497074
183 268805.33948502515 521598.9205597876
184 814064.6890739315 378499.877609803
185 452923.252362184 956813.6294139795
186 950777.5053510393 738568.2158311424
187 673354.6312473257 859114.4525526077
188 588696.0493302277 550056.9912506783
189 286256.4117117316 969105.1351713815
190 481120.4384483065 546780.3212619051
191 685591.6357619829 623236.445767277
192 431004.0354270301 47746.79324481767
193 323737.3940565966 202439.34655499485
194 398647.6179303945 759522.9672489923
195 158029.17014101913 908972.5232552633
196 916185.4332569946 868298.3885220856
197 801114.6962084819 889547.6554100184
198 143957.15193749647 864843.9480279995
199 990788.2695533806 864093.8311753499
200 776801.3243278149 357354.4078018499
201 636892.3313074122 981572.2589220348
202 399908.7945114265 604435.5395829852
203 687882.5598813087 189469.61480283763
204 964685.947445325 867085.6396367458
205 924529.1911662722 333727.59941614204
206 529275.5244462298 614363.7738323397
207 820044.5443292281 7421.6501543591385
208 621276.5434084199 907427.3828887996
209 493963.0263521114 55444.89053327861
210 625700.9982433614 835629.1809300609
211 472207.35697962326 271530.03179322823
212 703204.5461228215 546118.6832548805
213 967131.7268990879 687323.9477150467
214 154680.70033153557 857323.5068940475
215 17818.280352061898 586694.8523805236
216 768529.6310343446 618699.8082565438
217 986799.9371285356 777363.7019515121
218 553884.7801493703 712717.6894546906
219 923520.1608309884 640644.1901054817
220 492112.35597072635 544944.1007346844
221 265675.72814650275 528927.624457492
222 85978.01292289175 412374.3953003143
223 45015.53109013446 951663.497390792
224 140041.02931672512 443130.33271120786
225 191641.65831540103 368342.7104430088
226 365017.17885012453 765672.2314706999
227 744007.5984630495 236641.6294612481
228 729233.1156984618 643793.9587136501
229 156111.37788980344 455960.8055132929
230 271789.9524109457 412467.929019375
231 153311.24653452032 786154.6578511515
232 5289.4399559685335 567911.5147636242
233 434095.90815477795 468933.8816613339
234 706990.131220229 303326.50649721926
235 153813.24147129283 819625.3062723334
236 164421.40996871024 150154.52477448943
237 944044.127399493 301891.97449358494
238 53166.192579597984 690010.0689144222
239 180226.7126559427 752283.8472254194
240 774344.7639287441 396068.223429391
241 990980.7338641753 516509.3156656996
242 623651.8328108204 57098.57108465533
243 222033.74890850912 135358.66456434465
244 105201.5170596633 662628.2740643116
245 402405.5291073044 677391.8565787515
246 909401.0308502177 529111.9522134846
247 185300.500090408 263162.0913459071
248 726385.7280673843 569672.4429489928
249 591569.5905607385 624176.4899992616
250 31859.58322303273 430228.8530226571
251 871172.2420399282 72144.01879435906
252 100427.32730820503 407553.7877854595
253 375440.29496681644 507576.238213995
254 443423.54047364765 121606.98735466303
255 699533.1888949008 676351.9074504813
256 663012.4661362666 906991.3670754746
257 821003.5388738349 493214.6699035741
258 194200.40435680508 331442.36351008684
259 152437.01590524006 320839.5683226202
260 126792.67052860465 584815.2319140262
261 717029.2458214682 309976.5567447548
262 801967.7088239394 183263.71385104457
263 149091.9092256493 556021.84800321
264 709801.61816287 919205.9196197949
265 641485.5263319026 677302.246281459
266 458755.21191725234 386318.9188800629
267 206567.89459383106 317315.64191265794
268 877512.0168335115 50282.98522988717
269 719591.768678711 197667.70839573545
270 236016.88765417706 653154.0381556401
271 978519.4288447386 591701.3751517521
272 704733.9136615015 726285.2906838855
273 389329.4647948616 608092.0029398783
274 923817.6569422447 947671.3395308338
275 761345.0171439861 375927.14881317056
276 256102.4533870594 716195.7390627662
277 795018.3332256716 136208.36685367854
278 250595.05360088407 315930.77598004014
279 616529.6841472011 450970.24656672525
280 106487.38815671243 593306.7334697172
281 605494.2915986916 262369.34098688356
282 532080.0344018472 186033.54266327232
283 397621.7002639305 152238.67626872324
284 107120.13741468429 373628.48606672307
285 426495.2182769238 831842.6241139314
286 81941.93635673486 937756.1797214482
287 327149.9882176788 144432.65881271128
288 408247.30573810486 303267.48082414333
289 761099.5729493205 827850.0411524536
290 343403.1125398124 669669.3153111477
291 406444.8001116633 388240.8602766388
292 668219.0258668708 451572.9609411386
293 922133.3792022069 262995.0133192098
294 967598.2861598826 460620.0770463297
295 3399.885267782787 775392.7933107801
296 930757.4959823567 484259.7682327771
297 929739.947615907 222829.93152258403
298 220575.05787566144 204733.63152994227
299 840123.0667503964 373768.47701458883
300 18354.855748639155 812594.5482888888
301 195275.9122310621 340167.58824505354
302 386679.7240519846 476476.546066634
303 208720.8678043233 149021.67039172343
304 522170.9753150714 946530.0157579713
305 823885.5422945777 489843.5230595317
306 619238.2436441465 187220.0467252859
307 963658.6682320732 705476.4876328461
308 306672.86942782346 628116.2160228342
309 573051.1000995394 539661.4646590679
310 234108.81906874114 308459.8211928175
311 834095.5889898039 670104.342912462
312 652376.3516539101 897224.714047555
313 503152.37320459064 167504.37699401766
314 113383.01538226425 150126.68248359874
315 152487.94176083102 841855.9364869155
316 256831.98102238626 949978.0240380738
317 247197.25323558773 733223.4211534575
318 473338.7131669965 611461.3614506102
319 643853.9554621824 230065.2128516758
320 502598.3427084191 353812.72776699025
321 106653.84193852046 83574.43685456578
322 133358.33000074426 991477.4661132115
323 651827.2847685621 875105.059732178
324 918685.5560269046 216886.70163062407
325 816353.1639051412 943361.2148777334
326 137186.47083120016 451931.6192675099
327 222121.93425046888 801515.3091970882
328 543525.3646146803 209657.78091269106
329 784313.8396782198 378775.8672062179
330 431400.8710576905 623119.3180552564
331 784968.8295346338 641293.4607868443
332 385814.4387752801 469626.2363407794
333 871328.6927987754 986863.4694700787
334 617000.5341388026 974260.4343328391
335 193737.32979167323 284509.96641752357
336 926739.0195193407 323590.4593362112
337 932040.0235850132 14136.667773989475
338 685286.4756847223 569056.0832967622
339 791046.846952542 877085.8679890373
340 783604.4294318098 353265.6326795114
341 276430.2005016731 368068.4664461096
342 811060.40954304 347529.0060275688
343 739593.1141762031 523719.86456260865
344 431415.80728313565 836053.2380627695
345 111348.84558492908 914858.5842554399
346 852870.7545599845 649016.7775008993
347 624685.659888751 188319.81472467797
348 10130.012566498148 280706.7122424368
349 448042.8586974897 606091.8317844186
350 870433.3252942855 362543.8101036574
351 755371.7131269074 338861.0519990305
352 885254.3465641951 663172.2708097724
353 915866.1577541174 953243.0662071669
354 156304.78825226834 943175.7988156882
355 476169.04373837676 837664.0476634031
356 204975.964597484 751432.0453736561
357 433770.6098516133 214937.67000867115
358 760627.4494768874 315679.231452896
359 763511.1121934595 213473.42424009874
360 444207.30551335774 719350.6547549593
361 720333.4836797161 210021.83249819794
362 524488.107571543 432499.4103504064
363 220393.25740448735 988151.4287951894
364 86188.609018244 313199.67428482365
365 278990.56854157447 974159.1564426647
366 352738.6492832416 519498.8414825892
367 758110.6582422943 422186.201473473
368 713226.7721846609 182092.79303528293
369 788597.457241607 946583.5249012653
370 468981.3296060719 964230.6367676683
371 298984.5952386275 210355.2244577096
372 248312.68727894517 167049.5681727372
373 78574.99754698704 980141.5762785173
374 289475.018682381 180142.19416890785
375 98047.66591342574 224768.75260794905
376 996802.8950096283 469217.8745673603
377 555444.5028307606 342967.4014089523
378 450161.87953179155 382396.99528086814
379 137508.30582770624 47502.9304292276
380 586842.0279756378 815061.5390912822
381 20574.296393535253 949698.376073823
382 95194.6288937543 955949.0720209093
383 582570.2304122989 550050.2953290002
384 270349.6935982606 715233.3639552009
385 114402.90030890188 18114.782278351504
386 480445.50187497446 415225.4301787987
387 170080.25494195035 824688.623808588
388 598943.3828777248 102898.06436475413
389 579561.3723805773 910979.6123229063
390 586304.2851872077 899237.4282474534
391 678019.6333933802 108504.4164117993
392 216326.98251202874 82674.5588288177
393 652955.202317936 967950.56389094
394 961396.5000313775 30156.590527109063
395 237022.2631998643 941871.8579873124
396 20955.163084605876 46653.85585005788
397 972753.7659201561 671952.3296046561
398 13886.654315271251 770329.853870093
399 658357.8007513992 403079.2732513655
400 360232.4695077724 707827.0681834227
401 553263.3710832363 462275.317059776
402 138662.27198402726 527972.7084647499
403 326085.03048957704 864589.9798023703
404 840298.7376320051 195901.77796304796
405 235852.1681785206 752766.5349498743
406 71970.59464803945 48137.1475429313
407 242697.0401757168 834013.7461325593
408 253492.52160679692 919190.7075873263
409 189079.5415981753 400584.2784619029
410 633220.2599732197 142721.410382749
411 910963.9256314469 935958.9520536126
412 147259.5059855757 28351.10646758532
413 448069.0347556396 435596.52950611437
414 23044.579014727784 385859.6719800299
415 641533.1810484387 659147.8165359837
416 582846.1660909295 38675.894946041175
417 244221.02067558758 871531.5188055887
418 770442.0197984835 764582.2047589157
419 896039.1614406812 19167.243578101068
420 334057.70920069865 375144.1960558428
421 529265.5824861499 188766.57602181358
422 745670.8970782935 181146.4389709886
423 821690.3898675737 503294.27492671687
424 98439.22114006609 943736.4822493595
425 476563.26903315174 656852.5681404829
426 34370.518329797764 57043.20838477417
427 677316.9985476735 495086.91885911016
428 488202.48207934416 500192.8192730023
429 983467.5840679818 167086.418745918
430 897913.5641523012 801894.6396791067
431 591383.6458059363 632260.3454098733
432 529584.9690262742 609547.9434107456
433 160982.97342061464 42454.99046529244
434 377183.34152952617 641999.4133716132
435 354051.03938981495 721343.871598335
436 508965.1488186405 272071.8241618637
437 68232.16960661305 185618.23764721808
438 361067.1079292196 644203.4917931943
439 911076.7327791172 558090.0970114679
440 859841.5451662325 738703.5803641796
441 136700.1793728022 83050.6113563484
442 184156.97934621212 149072.26989366996
443 801531.2182740404 360313.2022526089
444 902951.0989844111 736145.2609805418
445 475445.6340484272 520403.0797689112
446 396206.7978310897 230667.46300761186
447 83438.53174895432 415572.076376141
448 992392.3644301362 328310.3717685669
449 13262.768752143495 813320.9140849815
450 961871.0403974864 47336.64805821103
451 149059.39361994568 111511.98614444191
452 715440.8875934966 814140.9388412138
453 920447.3143359725 445525.028670651
454 290899.28667155287 130898.96592787142
455 156047.68479561925 392509.8796804101
456 21435.670335103852 316080.4535945987
457 940841.2869091072 727160.06049093
458 449651.63222649787 481679.9001414402
459 796545.1567342147 569259.3366695971
460 782752.1960449289 242981.07395378
461 180901.4845184663 868304.251386716
462 92301.0403207002 896746.2147179974
463 388633.0514029925 442533.5195615838
464 361062.06110542396 520555.90445744
465 713386.973216947 666407.5673560508
466 135701.952090463 640570.1191745297
467 449621.2403628276 501552.1600917434
468 900020.6209916758 476176.1224358954
469 420372.5937833969 618387.6491353617
470 805302.1815164944 940597.7421709463
471 883847.9894660376 564814.9378605658
472 624043.9043119807 414248.3082118007
473 944898.7092485729 921295.449089415
474 275416.69155923754 523771.8202340617
475 28217.456230198 714795.6538711656
476 577824.442178266 127971.96053101966
477 448476.3019984849 931186.008406517
478 364768.5826658013 145097.07755173396
479 590467.8225514303 679441.3807319972
480 376151.40249884303 565584.4026896743
481 971695.6155089808 96800.91499103449
482 652343.8734561306 455813.21353923145
483 108622.67295518979 670845.4197308216
484 996935.9376647149 818695.236216805
485 48249.23667286074 427838.28968757467
486 790261.0336117644 854232.0625993044
487 125980.40885636474 375449.1812893869
488 366454.3471306404 175986.40513465513
489 17102.0533273214 250385.19293296267
490 43589.47390022516 667467.683405317
491 427912.5108157276 640627.1453081225
492 439281.0772486464 241036.9489595189
493 9627.565805985672 667094.1423948376
494 582927.9456012652 584078.7170365637
495 744778.4807698464 621928.4853612492
496 58082.02275519447 374577.93807827256
497 985563.8898397717 104308.94007889046
498 2636.449603786617 128962.89087611623
499 892237.2308713768 821424.9141375581
500 7794.026578889279 77478.43368356611
501 560846.0277742352 27123.779494446888
502 638260.8481000874 182558.44103248054
503 240720.6227867593 97567.71075757631
504 283750.06923827686 412471.7839477345
505 73741.54282751743 827537.0911644907
506 181132.73177278455 830004.0864348668
507 246126.46020526762 721543.8119747338
508 547017.2175576992 217759.21090684814
509 775592.9710454841 8942.29758316123
510 844492.1765138657 805475.99496351
511 395004.2090995607 70339.80907845039
512 393379.5300705336 837122.1435411632
513 130587.0176209578 44115.788796001085
514 793150.8718746651 862787.6459408844
515 723580.7602926722 871567.9514971307
516 959601.1041203422 354979.67583552713
517 665029.2198485198 447236.69716662995
518 627629.0693402467 670019.941483176
519 42646.9669126297 818389.206300225
520 434191.7474904484 963384.4928402666
521 817106.1528939914 318295.1395666448
522 785948.6081810272 919537.2977380258
523 367528.8673541063 176606.2758485645
524 653980.9430246068 577619.1247642345
525 652615.0045299068 479279.6353676048
526 756585.4980512823 907802.1142615115
527 976586.4582766293 331190.4246243875
528 39382.079646816834 805578.5085068822
529 177686.20346765785 336754.8521124011
530 430100.54937994113 133391.27162357944
531 17949.15603371472 482395.8240918639
532 457352.2318745499 916836.5866694445
533 164987.31134050936 749993.4891822003
534 323501.3389218835 697543.6411328805
535 165501.26985683167 219578.07133837204
536 885502.0344301998 920837.5114465518
537 473352.8048484863 4449.899952808867
538 332959.1362794687 489688.96492224745
539 714974.4005859316 835013.5480857921
540 132707.3728117667 37463.89551457408
541 720273.8575213443 149568.54521464813
542 685171.4980630275 182917.26152189137
543 94245.33640777011 479217.31518221466
544 306193.8580104884 948495.558905695
545 41816.49763245676 855901.7272409659
546 857168.8514296577 74018.81027816837
547 234820.44082523946 910843.6221492148
548 655291.0885405316 278938.076672161
549 918659.6603593224 415514.0978147595
550 606964.7022174363 24039.89433043874
551 932753.3475837003 860982.6138572948
552 210404.01475260983 850276.011350896
553 162997.92354256782 890638.9795424223
554 768713.6010341139 35008.918959357536
555 212255.763876529 420538.6218188264
556 368255.66495488613 908400.1980685835
557 930357.1293577238 74108.67605798999
558 385350.72111887025 118711.68723301195
559 284315.4800236175 671594.680456091
560 224351.33419292606 195121.0001517716
561 937084.8366062908 734592.5451770691
562 841728.5884437402 109133.06329943273
563 441374.4184188658 856462.096497091
564 125432.07278073298 128668.87483922251
565 34896.18268223138 89696.57588890445
566 51605.297898019264 91334.34778775185
567 913646.7519093899 866292.2282110236
568 323167.8164446825 846821.9964146456
569 745921.7267800242 643660.347252895
570 432425.32699940563 425603.40176063427
571 632783.796222635 453689.6008115177
572 214833.0227685381 474567.7032382509
573 220454.43653733298 850622.1294670958
574 262203.655484218 373046.0096922471
575 24346.78705376436 488921.83926409495
576 260948.42810617757 327360.4656923664
577 326458.6109256297 770143.2425559375
578 604126.1853647027 598796.0183376415
579 611142.73249528 946820.6300619803
580 349702.4400098464 801660.2067562334
581 85377.17352225127 522806.4714292446
582 181078.75371796233 194195.25862998553
583 743757.1557967179 64169.38950220474
584 989356.0618447288 179793.27751966313
585 572529.1113995288 253969.98509777724
586 46707.735675777796 992135.4092790156
587 176899.1164348128 963523.8126153592
588 484183.2070323838 797930.4519400265
589 574401.7665801952 385899.1141279603
590 710671.5929473739 159098.0425683832
591 442035.4759376709 538290.6098294265
592 124013.99072443064 395583.69274323323
593 182659.4814766277 600457.7811281412
594 281283.7141387894 283555.55293507973
595 739224.4353875987 741669.8178248954
596 162188.29280119375 728994.5811792621
597 580180.4803923228 160481.3437483512
598 515242.28444578336 576686.7338310818
599 14265.958460412787 254501.9983967538
600 344469.58566187404 872458.6542159895
601 115749.78947105097 283731.6694982883
602 819939.409602469 670059.8175241224
603 16773.327778949133 901939.650987661
604 24228.728795984698 149972.8255806202
605 344652.44859795965 650954.828556825
606 129243.31596935856 254685.22014412575
607 536837.5032660569 277418.3412598028
608 959422.4122539896 744939.2631444249
609 37327.892361531114 956386.1514806382
610 555602.7870080295 76916.65530102598
611 482383.67469938536 846439.853389178
612 205595.52049779196 95438.37935892874
613 822328.7887432005 642306.7268247894
614 795219.8126752357 745771.5746708466
615 753130.1393167223 777396.9548245587
616 958757.5606907043 627531.4774427331
617 176810.61679797727 996593.2673375247
618 362826.04380918026 491769.84741254605
619 424160.1874349474 862260.007654961
620 309914.1644733231 245291.0733942283
621 770512.2132641851 600993.681863818
622 925871.0701026497 435004.62805238535
623 541557.9854915845 243745.22391830734
624 336894.2719147833 912321.7520047441
625 587888.2794638645 945729.3215724576
626 222818.55958678864 147390.5325675876
627 208482.26068806398 752869.0058528255
628 87713.94155501566 980099.7844900633
629 136123.9447817808 399660.3957329393
630 112274.53384085439 167179.15722200848
631 875618.3431619985 263793.51846751553
632 419519.37085831934 557795.8909842195
633 197278.0851424094 472565.6774815823
634 356544.2591246313 433218.70456372655
635 959534.9303198073 683144.0026884155
636 703177.1624820564 710121.7891669234
637 950542.1447195034 481965.77610863687
638 375165.20530712284 355907.7128782716
639 809943.1087268146 940643.4672545479
640 348568.35295823007 911779.9478484205
641 504331.37427074206 369642.9671381576
642 992635.3613011313 299090.2585266769
643 715359.772175493 71712.44782963926
644 301412.9946398291 532774.9957899256
645 236039.25234325795 484480.70307520987
646 381110.4119332084 66760.81904676578
647 908519.5447706376 273584.11510078405
648 170962.85246571063 701129.0696368254
649 254921.5041017846 653498.6005908649
650 887354.0059518083 915635.1027424106
651 74589.43631141025 843901.734278041
652 888234.8540030926 413451.9079761488
653 659959.782218377 549867.5409976166
654 249989.38059929633 163498.808267185
655 510841.89079146157 385835.3648877898
656 317383.7716197114 529577.1542897229
657 791802.7021186724 97833.18414651643
658 249292.34060312057 70955.61520540461
659 231677.54645785122 353674.208366633
660 670910.0999724417 38102.550597397865
661 666564.6937216378 645021.3769201243
662 205742.7559085987 966130.7210710085
663 460500.5279565475 85020.55676794818
664 382709.5108695547 36376.96915557076
665 695376.337465475 726925.7350956709
666 481417.72112138214 134600.25055028856
667 46265.93280282909 909311.7473263592
668 226985.34134591886 82615.74353593904
669 653813.4113480971 252251.95417458678
670 55848.63695068232 84229.4579734051
671 816538.0235852014 392503.8788416139
672 878440.975320886 619078.1944022324
673 742119.726055964 133277.62923376408
674 744541.6846048827 826353.5450259941
675 556015.7132378455 997590.9348686348
676 448304.124080117 939368.0729014678
677 381845.8361931386 248245.98017813227
678 501235.8797547789 112885.71350156661
679 940066.0198287764 929389.7236736733
680 362903.8985599511 704890.545547631
681 347978.78733055224 262264.1751445428
682 681506.0923200421 984672.4785003554
683 599838.326161173 908208.5560639716
684 933109.978890261 555264.6810350318
685 898808.1124298003 529273.8145951077
686 443259.47952349344 104101.15341216997
687 870567.5011945344 938162.0144966039
688 168956.86041363567 66790.69670914706
689 262204.32793593715 57856.96037050892
690 688944.1216220798 212981.2796305862
691 604764.8158438123 917134.3024343277
692 760738.9330636138 42766.440496088464
693 926282.8635868792 841110.5372328901
694 91097.14719616246 326444.469011981
695 142990.3243442735 576379.9030083845
696 641122.8026686364 686614.5129934882
697 411596.93044263404 298313.55199963273
698 387937.64578000235 581650.2094348375
699 147468.92975744564 708014.8387491395
700 110654.22392903379 203083.51288515914
701 234500.1038803429 762920.6585265049
702 848589.8237874013 285750.92190363636
703 393595.4987909338 754818.1849794287
704 565517.5009743519 7754.666092505636
705 280010.07395743125 566201.2675149888
706 592926.7370072926 476434.0588605732
707 194782.75605233043 775769.7643616032
708 459086.2825860781 509731.9733597657
709 787205.6121271824 132158.98223310473
710 721633.4812511636 372564.28245143616
711 796485.896818288 3423.0980017151414
712 682670.451393704 981216.282998213
713 341243.374714095 766221.4392063009
714 474415.908694667 758186.1937611476
715 514097.2262768846 645117.2337142037
716 733793.9620089744 194777.50177215293
717 179076.36743335708 86348.40197254867
718 623524.0663536183 30153.846327395262
719 194994.44467479488 307651.45224068366
720 35035.04588473916 596096.7395163734
721 808264.8956607626 89586.88730797381
722 710714.0322393167 49249.909208994635
723 384994.8303605213 884111.2930070247
724 937163.1126716043 891550.8239393802
725 376860.0582632803 355726.7999642607
726 794822.1483145568 794590.1267924006
727 510072.3839158362 992088.5375634348
728 679352.6891985359 943793.3689804315
729 303530.3107030178 488367.9972680263
730 337015.47486688464 435971.32072405965
731 879245.6355564524 883300.6131281813
732 334124.19723111944 277002.7892227401
733 760682.5067150857 613954.9481847673
734 853307.8632205356 276934.9484586922
735 894242.8306258552 173363.04125634284
736 639990.5446610572 171675.7329930847
737 22645.45232650439 992754.7727645063
738 996631.2293833281 676085.2484811484
739 850910.7451758737 23667.026477869113
740 279129.96507672005 709542.1684629212
741 31736.983014155616 326241.6372491154
742 486053.6050303437 425509.1167993169
743 117489.84733289036 922155.1645909802
744 477067.9002373355 86421.91272938771
745 372443.4101676203 98599.69865340312
746 167820.43809178405 680427.2915221632
747 291182.0504195839 810153.1583986628
748 9195.826097982084 657678.9883963214
749 70942.83792648959 524114.2097152819
750 289715.47574197943 368111.2397586401
751 317839.18979883083 997490.4752405565
752 794999.7727931371 352083.93765833054
753 759432.5292264221 956452.9055988387
754 83670.1943760404 772835.4391036619
755 382243.35491437 340783.09617813886
756 95812.42541819913 193146.31777489444
757 922081.1414678132 51618.13510333113
758 538908.3584050816 764468.757186853
759 425178.539774526 335955.8029687959
760 807152.9177713069 88391.91785914147
761 288490.1038436647 908009.8438921421
762 343614.3090757261 514032.24020269176
763 281693.81685950066 172098.0052533786
764 114880.69350952434 995406.3563308544
765 605237.054191307 824719.2879858471
766 356113.79738192103 684221.9099382992
767 85080.31346646739 987637.451704492
768 441477.5679739264 992914.8246314814
769 671522.5146161255 684673.195427679
770 604959.3821353337 797226.0383765468
771 531322.722463791 913934.8925687218
772 497646.1137954508 734145.1342365766
773 255644.1080781794 9539.255065276864
774 856765.544265133 847517.2854003542
775 376423.99743028963 81156.79694845667
776 780139.9695626397 667717.7637800721
777 570585.6687267972 373929.7176045099
778 488519.42258085345 715610.4985030119
779 308865.4597677424 639560.4272242652
780 576782.1452505359 399187.57572497264
781 997766.2318445296 401560.79935788346
782 995826.0982937448 989775.8929071064
783 221227.7976527932 523738.0133899018
784 323830.6538837344 848297.9713159733
785 370486.68449983146 405885.4852168403
786 988649.0672637769 346533.9033116103
787 675775.9475715387 252986.4458693457
788 650643.1066931452 644807.6491885881
789 491596.2152186172 908682.452396084
790 473454.57921161683 922312.5213064993
791 604928.3653734254 608195.1664084023
792 274773.13066137023 366913.02587939345
793 132747.60623930738 73410.69792961518
794 134796.6049096867 107769.43222191659
795 709745.7489394472 325600.80308285786
796 787954.8903717535 399352.1493053105
797 466973.308156981 537654.8163781613
798 448590.3151428502 81637.14163559643
799 475003.81579475437 844248.9591098878
500 565 617827.658747768
500 498 977982.0338823484
565 498 258694.72536069903
337 419 884736.3933626834
337 136 516402.3548704635
419 136 595528.3158272429
112 406 827261.2266442149
112 396 262431.89772471745
406 396 748736.1636312925
773 112 85776.22822866437
773 537 449859.73674195836
112 537 906373.6563792499
751 617 103597.84440316277
751 175 654290.8876140277
617 175 694477.8983247229
485 414 601486.2003491529
485 79 341972.5072913061
414 79 594055.1407355056
675 333 579323.5765174235
675 782 526138.7876432696
333 782 752524.245786885
333 682 300310.5804212771
675 682 922765.5688415079
705 270 848772.3836408344
705 593 98512.5422259937
270 593 317983.08437420597
584 429 535148.037113451
584 34 550195.2243599186
429 34 115482.55972454758
780 362 774900.3545845699
780 41 191683.53849268638
362 41 673161.4089358723
401 362 562382.1820926908
401 780 853606.4456635158
406 426 420172.851545926
426 396 506683.6113408405
426 500 297473.4660293
500 396 978217.4881498489
426 565 875243.3037527521
412 112 467559.6520104488
412 773 37322.62908242734
112 540 823422.4136223301
412 540 324901.1167694717
385 112 640140.0941373145
385 540 725044.733218897
385 406 962647.0960154039
664 773 199687.01792092604
664 537 98385.32491694085
711 704 132772.01675098925
711 537 829324.1142755811
704 537 564149.0952263647
295 603 642027.9277161796
295 737 675308.1230031141
603 737 912014.4029095194
617 363 422544.1530046408
363 175 949933.3942498137
485 250 727255.3500705088
250 414 214850.2603232033
127 327 802832.4343964789
127 506 446834.85269203706
327 506 485915.52100742084
173 333 761633.1324722164
173 682 908812.7270500987
751 768 10497.687636821573
751 167 525546.83658848
768 167 730599.8748017693
544 761 279919.5530431161
544 624 45129.28660447057
761 624 37703.97493419364
761 316 237715.96668361782
544 316 93754.06677833287
163 705 674895.9436162726
163 308 924511.346448164
705 308 518120.8484753157
163 270 121715.0363055527
174 241 712732.584514612
174 29 816668.3668806494
241 29 862608.5092971579
174 82 186360.46718654985
82 241 854272.335231855
672 439 195647.60779790347
672 219 154766.39062177556
439 219 87266.21407408375
241 271 57716.790601413435
271 29 794481.6741971502
271 38 770463.1975428734
241 38 864802.3772393581
82 376 889869.0550432169
376 241 274467.8297375013
376 38 835111.4366199772
376 294 514529.0834572416
82 294 776734.8000728631
20 376 711709.4769088842
20 294 636618.12723434
391 541 478863.20186068944
391 93 487567.8824573454
541 93 787412.2452012358
422 709 641825.7366300083
422 262 941562.3140216654
709 262 436785.27797029685
3 460 837502.2280397146
3 262 790960.4189943719
460 262 176203.69854178987
3 734 935340.7969691355
734 460 408811.780263965
734 404 588466.6521232508
3 404 411071.93870312744
607 65 269928.047822086
607 377 852109.9173500472
65 377 856564.743994448
65 777 16543.468719074415
777 377 963758.7740110701
161 48 811109.4046328601
161 205 986500.0729100683
48 205 733494.1057834951
161 342 807699.2894489527
161 521 134417.9728895961
342 521 643441.325977664
342 752 96724.17960703671
752 521 889788.6778979971
752 443 687947.4132326276
342 443 291622.9761389018
352 672 31187.66951194485
352 219 284142.5262125612
292 517 635953.8629993423
292 61 222212.17528318526
517 61 717833.937916711
517 399 605993.0421344559
399 61 434175.07956023363
399 472 36178.80723293454
517 472 846480.1231420215
399 65 501115.7070057469
399 96 657521.3539262564
65 96 350899.77276372176
777 399 680657.5417363502
777 472 200238.9611073071
565 604 165171.86130224148
604 498 324203.96426718566
604 179 526802.6156875368
179 498 808772.3488027875
606 247 634222.0465909196
606 103 453136.654516722
247 103 211650.07780156675
589 780 831090.8903187206
589 41 678550.4562267177
589 472 452642.8982008447
472 780 701839.1350080869
589 777 818737.7151289388
192 664 360677.3290683198
192 537 714176.0014369476
607 90 624934.4117719947
607 436 93370.0234667818
90 436 464081.67398467317
90 377 497306.1198254878
90 211 731698.0283293703
211 436 632991.8537661635
419 739 566665.975209957
739 136 819641.711394083
429 497 294750.62229155056
497 34 196341.33055545788
550 118 867454.4482628751
550 19 595171.9743326408
118 19 239219.61066759843
704 118 421647.3120512245
704 550 306627.23261836974
118 711 720566.7184532123
509 118 917761.5054360376
509 711 383845.9896125993
704 501 773387.6175586533
501 537 314961.25248612085
410 391 388696.88301479886
410 93 693714.0408471721
286 223 907665.4495718627
286 667 521744.5376761848
223 667 236091.43382970043
373 286 797092.157997339
373 382 368705.3295422618
286 382 81892.36901581031
223 373 802940.2562695566
50 603 603797.4278152967
50 545 195144.34560601602
603 545 293000.2632020848
603 667 849440.3752469838
50 667 786225.7875364206
322 764 739486.9722507639
322 382 849420.15294411
764 382 191614.9428106133
764 617 459265.51199669164
322 617 993562.767072476
354 322 143454.71726493986
354 382 353555.5246457385
531 485 147628.7816936973
531 575 825224.3502859001
485 575 467941.73699305777
531 250 354467.0389484352
531 414 277143.9522894158
531 348 373859.7781546672
348 414 214401.09368336946
603 449 500673.8471829194
449 545 47785.946529471104
449 295 14788.24456902894
485 543 64681.62024402513
543 575 344799.47226645
327 134 526527.5931859831
327 701 185450.0419489912
134 701 34161.07656687872
747 327 47139.60168009767
747 701 473413.6581081492
17 747 423342.84188220353
17 701 198920.33449055636
747 577 50069.93238904123
17 577 653092.8922886158
43 588 426686.0494439485
43 355 458755.45780938375
588 355 342068.4321073425
580 747 463966.96042214934
580 577 594056.226812965
344 43 484277.2820460058
344 355 841313.8524062636
173 325 769826.9288549683
325 333 158013.89776906627
333 169 521628.9329196713
169 782 476156.90488847304
199 484 88826.6329038948
199 782 626441.6880441544
484 782 778024.542099823
199 204 177305.81839857897
204 484 61862.52341405696
169 199 975744.142497629
204 693 235881.88312605995
693 484 159373.60867640548
675 201 65450.513477873115
201 682 364978.0284053424
334 201 35296.43600107679
334 675 521798.6167216858
727 675 719309.8282989658
727 167 521911.01038403274
675 167 521136.7328161225
588 611 338463.9911376186
611 355 175306.4483670327
768 370 748288.1964121023
370 167 163159.22324120946
370 727 310468.89100239536
189 751 87498.46713515208
189 175 141420.42417235434
189 544 372196.3878988096
544 751 484754.3431911021
189 316 864635.2384732444
758 218 73359.45405427046
758 142 343762.36119337665
218 142 888477.2688189797
84 362 929862.3387811164
84 401 34991.90524593321
428 84 728166.409341754
428 401 811794.5441214344
538 730 53117.976954451864
538 618 486191.75460136257
730 618 280531.24336030125
158 538 462916.7140800793
158 618 888850.5165623727
730 729 213221.93037921432
538 729 359371.0038132684
538 656 471036.8483132554
656 729 44019.7412658998
656 644 875333.0226593054
644 729 19189.01579444321
644 705 457158.411551517
656 705 183645.14491953887
163 649 312660.1153286858
649 270 62438.51004838719
649 559 192326.95392018618
163 559 437901.3049353697
276 649 125385.95522759277
276 559 21023.455531726242
684 174 339814.0342768172
684 29 867460.5052545625
271 684 775727.9756284611
439 684 168416.3925618135
684 219 145317.06641504605
20 781 743882.8787609674
20 34 322346.5804972447
781 34 719028.1988689943
642 75 524031.34092787217
642 97 910328.6012806812
75 97 374109.1160475651
642 584 297282.98070352135
97 584 270950.286127475
642 34 424070.5727284939
781 642 952052.0098245699
642 448 297062.24322790833
781 448 445326.6529122023
541 590 832112.6842612253
590 93 415159.79619957134
164 391 510055.8416048573
164 33 560484.5873057519
391 33 262316.6944967258
164 541 836611.657039157
541 673 242315.96643495045
541 422 955117.9542832224
673 422 70140.9150534773
673 709 684121.9022464679
164 673 769900.2757751594
3 562 795970.4953024444
562 404 967212.5680732572
734 702 894418.950425478
702 460 725298.590229098
702 165 868291.3178214096
734 165 266857.3573559432
734 631 343667.02877847146
631 165 276373.6497173499
631 148 811937.2037611229
631 324 33012.043026785956
148 324 935999.1085397361
631 404 237522.72530029272
148 404 809113.5165220071
96 548 650498.5834193802
96 124 85903.52192884665
548 124 117309.73851024773
65 548 827518.8070432054
460 359 29397.168390299266
359 262 280038.1996019663
359 422 487322.3730664203
340 752 147495.00236353397
340 443 521738.7909337439
795 261 913933.7102387594
795 351 299121.12264599645
261 351 792448.393645944
367 74 112444.36230395938
367 147 235482.90506382054
74 147 384136.39225461317
367 292 338792.1026108434
367 61 411082.2613754719
367 13 307983.5880271149
13 292 470381.204438078
13 147 540047.0008851591
672 346 799216.624302445
672 102 763066.9740647188
346 102 689457.6913816644
352 346 109125.70346931826
613 459 137144.51229600978
613 102 200025.78552617013
459 102 616431.7459273938
459 621 813990.569033279
613 621 116685.03811478692
346 613 394986.33668564877
352 177 669323.0325451007
352 440 261997.01598906945
177 440 159534.77356293864
24 459 569084.2915982325
24 621 291497.20148715144
24 248 310241.65115129965
24 343 943946.2439951417
248 343 709246.3267900395
427 525 525574.9466819474
427 292 902452.6598919741
525 292 44094.239124730986
13 427 22587.511358414526
427 52 972145.8654351709
13 52 81696.909205351
120 428 205379.86594075474
120 401 947388.7220492745
206 432 207522.50501764336
206 85 210810.42433397123
432 85 938807.8576281291
517 571 217901.9260346725
571 472 452254.7879370926
571 525 51533.56828272249
571 706 596879.104821058
525 706 851305.0948290383
399 710 355043.688824253
710 61 663840.610936956
298 152 670257.4001509707
298 247 305251.4855803614
152 247 295507.28204547474
599 348 489737.19265777327
599 498 73244.50338666255
348 498 738770.7064038946
179 599 367577.7219377514
282 143 379691.10427524865
282 597 316233.8802222465
143 597 495786.552378231
143 313 137581.75489276482
282 313 248164.97493762034
585 65 826104.7887465947
585 607 437435.0572517517
792 574 543925.3707745643
792 576 696594.654225412
574 576 500415.30095198075
574 341 598279.608559198
792 341 92564.31819906885
750 792 762726.0384049214
750 576 310572.12359034945
750 341 725983.5459663668
659 574 471878.0295397981
659 180 462865.00453147764
574 180 701299.7101708541
659 576 210169.47357771554
750 504 167710.33236149146
504 341 761898.1893903124
504 730 789212.1689631884
504 729 620594.9877248323
730 420 855239.1892500427
504 420 149425.25352564728
750 420 789883.3312835334
777 655 859738.3690541029
655 377 895245.8090724316
655 589 336477.4291199395
655 41 29573.832240823773
268 739 365117.3001614548
268 419 658688.7638521796
739 546 996339.4064317867
268 546 486851.5651865156
207 711 226518.39714793942
207 136 236979.04187811693
711 136 639679.9954216667
739 207 194884.17854413143
584 16 579236.6980628644
16 429 342870.74622495205
16 22 350538.7070146221
22 429 744294.2556459374
22 128 969946.2580631867
16 128 199826.06476497368
159 450 905253.5239196931
159 394 738834.0830274641
450 394 371025.0879473347
80 557 818015.4059534621
80 128 871627.4035547174
557 128 158361.33977312437
118 51 739750.0733835569
51 19 905000.6971120063
51 692 833538.9364119156
118 692 397382.9532722023
51 722 931247.2274830376
722 19 386080.1590509468
410 388 130941.22922028929
388 391 315652.16720303125
388 242 801758.4207758048
242 391 976620.3401524427
242 416 186841.6648905029
242 550 914972.2374171434
416 550 89985.57525339579
501 416 380361.0745407625
501 610 886272.189678543
416 610 44262.16489467571
416 388 608767.7166329247
388 610 952104.2167314629
416 704 303901.3368255099
391 643 151993.33185677632
643 33 350427.5057630803
242 660 322435.0381774701
660 391 377843.32301988045
660 643 278455.746606739
643 722 435307.0454400868
660 722 662876.859640892
660 19 495412.1017204145
145 50 471747.1378551379
145 545 842069.5176085448
462 145 284380.6780330273
462 81 382014.06035557087
145 81 713726.1210641033
462 50 977874.6592945267
462 286 168549.4723329478
462 667 71441.04084886305
552 461 303855.00826987886
552 506 563414.2998299766
461 506 959139.9220957779
603 381 387308.3273942434
381 737 826283.7603914209
381 609 237925.85015805846
609 737 294675.349435604
381 667 718982.0810802024
223 381 960638.834567467
609 223 167242.00318428306
628 373 779337.6298147287
628 382 467196.624979751
764 628 698588.0796107748
586 764 463857.32377466204
586 737 903072.8978062775
764 737 635021.399043955
609 586 479484.793160142
586 223 767332.6170696218
586 373 507794.0074145859
322 587 839626.1652131483
587 617 316346.1703480235
354 587 200742.99962825992
695 263 891993.9129619616
695 593 712058.4759893203
263 593 238868.4827441725
260 47 958257.9138867001
260 466 231710.28037688512
47 466 309837.9882375423
47 695 721919.1613490956
47 593 654556.521991903
695 260 884910.4191327215
232 531 737037.6014988625
232 575 614245.2860745658
232 348 562563.784425173
232 498 439460.7982202371
232 295 164296.11599609005
295 498 171440.10557578504
232 748 851178.1540344072
748 295 403911.64983714314
496 123 15486.416337603503
496 79 824025.9072234312
123 79 743794.0153583777
414 496 284459.0717690204
741 496 262672.50511200615
741 414 751829.7282763988
252 123 470516.6463894438
252 284 196761.04076698676
123 284 679706.7160764256
73 300 50645.205677159356
73 295 427752.48668622423
300 295 760109.0775386423
300 449 347423.13940050354
300 545 216618.6385786344
528 300 173537.443311617
528 73 111950.69380555967
748 493 15031.509058808568
493 295 923816.9459672546
493 475 233576.49458447727
475 295 473566.57827374013
225 659 101436.1672433769
225 180 53353.72915876979
402 77 471002.5206073793
402 543 141544.13348522322
77 543 909432.0189161397
387 127 645332.6834795566
387 506 581238.5291917718
387 235 21390.167683455697
235 127 92485.0076553001
160 235 76458.0923560424
160 151 350988.5514873196
235 151 958653.3709658097
280 260 379280.78635382943
280 466 405330.30791150016
244 280 30378.003329617375
244 466 859268.6864763933
280 720 278579.2729855442
244 720 619460.4382472011
134 405 147256.48408057736
405 701 266660.7564134794
483 244 576626.9115877304
483 466 148613.38338294928
483 238 676776.5573912131
238 244 475129.35073073994
649 76 1585.9662799503349
76 270 560372.5660946119
76 276 887931.4541279473
235 231 828398.015424708
231 127 716588.3930075268
160 231 605068.0149628886
56 580 829925.6618222876
56 568 566535.0646404508
580 568 663742.6693553312
56 747 201435.59019667679
552 137 72253.70047206392
552 573 137390.98866531285
137 573 981171.4561644642
327 137 563047.8736314961
137 506 758282.301533454
600 784 302116.98998740735
600 512 464746.09404394426
784 512 274772.8295112155
580 784 732203.899206838
784 568 166005.36960630797
580 512 312919.59030521655
761 403 78500.39523869278
403 624 400434.5648623967
403 784 943797.8908586955
403 600 443879.9099179414
126 403 615435.9544701981
126 761 130825.81756020173
403 417 278381.4524025496
126 417 228910.6337672455
403 568 592946.5525597854
403 56 724930.1508215999
56 417 818753.1362043418
580 111 872252.2837546008
111 512 379905.30114310264
369 325 982603.199253949
369 173 631740.3194805494
687 325 735702.412358148
687 18 130971.33173503073
325 18 511655.241227186
325 197 992605.2461603963
197 18 445070.2073102244
753 173 815109.410688591
753 682 23071.269154335994
369 753 449681.07836255344
369 522 286547.2891224603
753 522 1839.380426481685
758 380 793390.7859534305
758 588 553280.9605610799
380 588 732730.2216074424
380 611 475371.36825437075
712 753 923275.0740527636
712 682 382572.9014990081
753 176 346312.3450154214
712 176 231761.35922011852
201 393 116517.7764473524
393 682 440299.9640883234
393 712 564396.8518056339
44 334 683586.0305093088
44 675 547165.4142276774
625 44 839342.7170614607
625 675 388923.50582436495
389 166 49705.43592242605
389 625 708589.216870577
166 625 485586.7421030165
799 344 394722.03228427994
799 355 744935.3870685714
611 799 889710.3481637468
520 556 203747.91373300037
520 477 533529.921362605
556 477 841896.9495123123
520 768 782835.0897300136
520 751 590611.3595641399
556 751 829382.0451644073
370 304 782916.4658009218
304 727 176758.49925379915
790 304 125215.54525557555
790 370 38973.23841278255
640 556 272527.04850497114
640 751 46819.05402261288
544 640 388844.3930397074
640 624 411563.2925061207
723 600 493107.95019138174
723 512 537880.2164479072
556 723 219154.1889932619
723 477 331654.76124941115
189 365 608062.831393964
365 316 920888.422286254
365 175 502289.0611758535
365 363 328296.26760240074
363 316 161541.15332587683
408 761 747600.2559069187
408 316 803859.7779836768
408 126 840307.2321615681
714 758 137869.4265341458
714 588 614814.1335220891
43 714 599029.2486514769
362 742 869588.6884505351
742 41 592910.8948908197
84 742 389724.1947883232
762 538 494753.09283033543
762 158 611915.8781322145
762 656 484394.2375233746
762 366 8392.941481393023
158 366 120687.04259483864
656 366 504167.1482607304
491 425 116196.41152743665
491 245 667255.9851433848
425 245 920710.1674696613
605 779 848426.4869907885
605 308 288248.34536440234
779 308 267179.62524579995
779 163 974668.4932285844
779 559 799374.5468439913
434 491 978129.2859864647
434 245 654804.9426649862
491 469 204508.38418485562
434 469 906148.5246721482
708 84 910780.5237831133
708 428 552767.2073740176
480 632 986092.2543748227
480 698 253408.67511242148
632 698 880779.9308615448
480 656 421192.3755372388
480 366 439783.60302454414
705 480 130422.64634015743
480 308 356632.3666701098
246 684 412152.9584238238
246 439 684266.7025359074
246 174 943166.0073271905
13 64 460448.02785326453
13 343 870180.1068156047
64 343 590474.8254980417
64 147 608103.5979478528
64 24 921947.125795856
64 459 657288.4272824548
174 637 349495.682251922
637 82 221955.62131784752
637 294 279831.83783091756
637 453 797444.5969030384
453 294 940844.8809978041
684 616 349159.91387938237
616 219 230762.97500651467
616 271 106856.93051755406
616 38 424168.3395073379
516 40 771754.9082977229
516 23 315783.17975670344
40 23 17527.332855806875
781 786 521057.75454540993
786 448 584414.6366077405
786 23 632020.9994729229
781 23 681707.0438070795
40 786 885067.7613700086
48 336 409418.38209978334
336 205 995563.0352563291
336 165 269068.77919678215
48 165 192973.7456213546
336 516 128680.3812395726
516 205 131350.23313295792
336 40 852279.3035914754
97 297 431331.3943525545
297 584 136317.86628331398
16 297 728942.1278378839
16 324 703084.3729567642
297 324 287811.0220637924
155 541 202164.95410489244
155 422 226029.18624521585
155 590 891061.2506743765
735 148 59537.25521425779
735 404 701969.9752544151
562 735 184462.00384082567
735 80 280683.279772994
562 80 693784.1951826432
735 128 315083.9989419055
16 735 136480.18350836632
735 324 86768.91742525894
760 739 397492.5882288487
760 546 171948.21832319218
760 207 135355.14926138558
277 3 385284.7583370824
277 262 139.44205594496052
277 562 68949.6298973119
709 277 374916.64436103945
460 28 397574.3844836038
460 521 467360.6025219269
28 521 983150.8780484593
702 28 192720.26849808055
28 161 908608.1667310786
28 165 502424.5652001286
48 28 176146.6037267667
631 647 953220.8758055827
647 165 734226.6830381049
647 336 141700.45462071677
336 237 794802.7135014925
647 237 834988.5348165298
548 787 349431.2134524651
787 124 201770.9675956979
227 359 927645.7072281527
227 460 884285.3772611464
227 261 117290.24258716048
227 124 185697.8848499522
261 124 64122.912921946496
787 227 132904.7084415631
227 361 615806.4839924956
787 361 793551.2125520369
261 358 239918.81667418312
358 351 453530.0069253365
358 460 284880.7881048865
358 521 378938.6445173112
358 227 340170.0556311344
358 340 837350.335257706
340 351 927792.5731288012
752 358 484.4026462407225
710 275 919380.9000940867
275 61 22252.0010182764
275 351 664802.9837219717
710 351 594471.6165893878
261 234 759365.0255442637
234 124 450963.55484641483
795 234 503795.4679276244
234 96 927573.3876544344
795 96 590346.124583231
350 161 311397.6146479287
350 205 945160.4724430536
216 733 356926.2954183715
216 621 979875.2859521173
733 621 289749.40761113097
733 24 526896.5126231674
733 248 34474.183183736626
376 738 603893.767466702
738 38 729529.1027844704
738 20 4918.971617837165
738 484 717318.0466053137
20 484 391306.7202087643
430 693 236059.4312931543
430 499 646659.7921943913
693 499 382595.7794365037
172 427 836569.499315664
172 52 716755.7330157198
172 525 475079.0632241637
598 120 299624.4502312064
598 14 155164.7124099297
120 14 199008.27837247436
598 85 736564.5764248054
14 85 40489.85347051359
432 598 730714.3004448139
571 482 359201.5953890464
482 525 899001.5303171022
482 517 388825.53632935445
482 292 456208.4610906503
279 571 341691.020056025
279 706 126832.44470846666
279 472 951518.4779467606
279 780 195237.3581984481
279 401 460236.4007388229
401 706 107326.06923744314
59 399 202749.62521460306
59 96 300700.4554369892
59 710 532739.8283459889
795 59 779633.175448134
59 351 870727.5840482154
664 32 973912.9347876089
32 773 270021.30346227606
243 454 904069.2396982261
243 654 829850.5456330905
454 654 910834.7104098377
243 442 127162.45441410445
243 612 264580.03244248405
442 612 246180.98839381398
442 303 903578.2615188842
243 303 63015.7078643403
412 379 962531.3032987032
379 540 352392.75882419926
379 688 730641.9517783716
379 793 423721.33436319424
688 793 516265.2522401001
566 321 314073.2629579501
566 2 531599.1246286087
321 2 145106.92940193447
566 604 225202.87349679714
566 565 259693.56707371416
604 2 520740.49509600364
236 442 358462.3276166353
236 39 951456.1664442691
442 39 443845.9600057012
348 456 427478.2379430756
456 414 290724.85018220893
456 741 502944.32054733485
364 456 307162.1991810535
364 348 406484.8565679314
741 364 472658.59533712675
91 442 729468.9661596165
91 303 825326.5570730059
606 130 935705.5180316305
130 247 229365.7766948597
535 130 977292.4026958178
535 606 467922.37120220426
630 0 757836.014398979
630 314 952642.2100584509
0 314 347274.7076530926
0 2 508318.50543438585
630 2 248579.01652732329
630 236 299683.592236751
630 39 643587.5980854572
236 314 192678.37124520025
508 328 412857.66297355184
508 597 963786.9339604069
328 597 187979.23619571244
328 282 617411.0348709682
623 585 551692.4581122493
623 607 211034.9699588695
585 508 847541.9812457684
623 508 471191.01377216564
281 548 140671.96279285665
281 65 757559.4448222482
585 281 478552.85699083074
230 574 53624.588898768314
230 341 726793.0683000104
504 230 517681.8346527695
230 180 554457.5059612095
645 230 631289.0168269863
645 729 395145.2804387142
230 729 945449.6905876282
655 641 570001.8140020472
641 377 134717.09053493175
641 266 45320.28649853148
655 266 922194.4993097014
755 638 700503.4546780878
755 420 531685.6875927612
638 420 559932.0811191153
463 785 696878.9215532534
463 291 143768.44434042202
785 291 367315.26610147237
785 730 246984.22291197075
785 420 792099.9576931249
638 785 23647.0278284564
570 463 731602.0939661767
570 291 211659.31798079406
268 251 341168.01227855374
251 546 867888.6386499249
251 80 899927.1724207026
268 80 878800.4072356729
251 562 137581.1952858713
562 546 927812.7625191561
557 138 479376.60691490833
138 128 620954.5830648983
138 22 385098.5704594445
138 497 800067.5615243135
138 429 510488.2704114856
481 450 339079.3846410254
481 159 415230.0711238347
481 557 952917.9650997595
557 450 152030.87198399834
481 138 276831.71807549545
481 497 186635.66211295457
481 34 830659.6339944226
159 34 660550.0054872328
268 757 824376.3067347041
757 80 591739.6887507357
757 557 688317.8153765328
757 419 603570.8654410755
757 337 292260.1069495767
757 450 254754.64565843387
757 394 772651.8684729619
337 394 672787.0288523934
209 192 807729.6531837306
209 537 478460.090219199
192 798 139599.6410712712
209 798 840360.1692687084
501 209 104817.97982967022
209 610 716646.3558798349
36 209 240506.66787404518
36 610 804440.5206979477
143 476 706981.9362535535
476 597 552948.9077516815
388 476 656068.4341801238
476 610 280280.59452206455
476 36 391757.46061540704
36 143 130005.70094644991
583 643 419120.64649220835
583 722 781271.1932235978
583 51 88299.53319100969
583 692 752818.6490174438
583 33 353590.16462067404
718 242 578876.9873579792
718 550 974601.6839404773
718 660 621711.8919905218
718 19 730667.6622941882
651 505 958229.6395171711
651 151 196462.11716586925
505 151 275940.6604175575
145 651 938656.3436514877
145 151 473465.76368044823
651 545 53898.61792162665
15 198 359917.08883609786
15 81 524610.7129884702
198 81 588242.9037087675
145 15 251164.75866295118
15 151 235841.98837354765
198 104 83141.15369725884
104 81 406841.2841763496
628 767 442702.4605782555
767 373 536493.3125759386
767 764 803599.0491778012
767 586 644783.0867311402
662 363 149530.71465466073
662 617 596376.1935154721
587 662 604205.3110836626
424 354 167348.9423995218
424 382 833291.2449221673
424 743 22044.209700413765
743 354 245694.2963592238
286 424 278183.81327153783
743 139 28080.824283419737
139 354 555104.364256769
462 345 813620.6633823627
345 286 127587.28284405851
345 424 800783.782094929
345 743 67357.01780679381
345 139 279925.15491279226
345 81 755925.6698750295
139 81 899991.266173833
232 133 923339.8739124963
133 748 396960.7977800017
123 87 140789.48039314765
87 284 984933.7938781689
87 1 127877.30195982083
1 284 441854.0507379073
496 87 407088.30908854055
1 496 164624.9077514793
49 694 853876.9729902261
49 364 12635.248477499972
694 364 961916.9822348541
170 496 441859.5485476741
170 741 862400.474891407
170 1 505245.8973306074
170 694 910732.6557824593
694 1 175611.02980063693
170 364 725003.1885818222
123 222 621839.2623456276
222 79 99202.93614684106
252 222 610677.5409165454
300 519 266955.5042513628
519 545 19650.928180478753
528 519 44861.270879902884
519 505 668113.1928175411
528 505 519961.2785045062
519 651 526073.3733154271
475 398 162820.37168696284
398 295 744740.624080005
7 398 432771.1417100475
7 475 425283.0499344613
398 73 339610.5169372301
7 73 924948.7651359224
409 225 892523.0522474992
409 180 98597.53510730296
225 301 901287.5201904911
301 659 246279.51248757707
259 49 453449.1926398707
259 103 425917.2164940528
49 103 24354.59919051908
259 694 750743.632493784
259 1 532303.1425276123
35 529 673917.3285260468
35 455 457947.3961528676
529 455 716611.6422155834
529 301 792295.0926543508
529 225 873880.3706802465
301 258 134743.31579236375
529 258 146835.6131811449
162 633 893308.6916582298
162 572 877915.4478751585
633 572 795544.5060896825
402 156 969780.8776016701
402 263 628757.482805335
156 263 225700.56277263872
633 156 240587.70531137462
633 229 423934.5967003304
156 229 754835.7344478485
156 162 541623.7655657235
27 402 627025.8072831469
27 263 576467.4635610146
27 77 189058.30027259208
695 27 795463.1416679086
27 260 47155.521432785456
280 27 333931.50378419046
280 77 340692.8717647981
77 581 930022.4511149693
581 543 341082.5117547617
104 214 610026.5339173318
104 461 840858.7925238608
214 461 740515.4108577135
214 198 483353.13987649686
214 506 762160.8955916779
754 7 754231.807468677
754 121 346712.5493626775
7 121 85764.63752194552
528 754 652259.2277294481
754 505 884104.9722286017
754 73 857511.6703023465
493 490 727946.7123011234
490 475 647334.8093347974
490 238 492952.3657900859
238 475 11899.101489930008
490 748 29001.826534996722
490 133 270994.3719719632
490 720 888809.8322747342
133 720 820381.1452357647
244 490 57616.63036371845
157 483 533530.9694146054
157 121 853809.2093730025
483 121 106292.16763651605
157 238 996899.3041478471
157 475 731501.5722358106
7 157 416988.56878112943
507 76 576716.0835742569
507 276 484734.9094180574
270 746 710616.9096976258
746 593 336083.467320761
76 746 219943.22196830175
746 47 316026.9353969535
746 466 466473.5775997085
648 746 106516.97484640266
648 76 790053.4929704451
746 483 903492.7949031602
407 56 587250.0682682423
407 417 917127.9045462202
407 747 920874.7505011676
573 407 353933.0302662887
573 417 402960.494877056
137 407 837222.095952465
407 327 35011.9029776631
713 580 802756.0052935572
713 577 90833.07283568897
17 713 396447.3503955017
226 111 444752.7602883894
226 580 111884.94409895377
226 119 437794.8763425935
226 703 460340.1778988102
119 703 407870.40272344777
713 226 34601.4875928965
713 119 459103.60146020266
344 285 472222.92827657465
285 43 300374.86358496954
285 111 555944.8826768037
111 43 94714.43657589328
285 512 664066.9833301659
470 369 647252.3723675058
470 522 948201.9959150122
470 325 287701.73521063366
325 9 636481.1357926128
9 333 91067.99064573845
687 9 292985.0660241703
551 693 577901.2192894603
551 204 679617.2646539315
146 551 823565.0499406566
146 204 905578.7305357645
14 494 504818.74104962446
494 85 570363.464765098
765 210 589199.227729195
765 390 895233.8822836771
210 390 977188.6025747083
86 110 799509.5098761918
86 776 630056.4458022249
110 776 724624.0804210347
264 728 658488.4290986469
264 256 974104.6804002144
728 256 995318.1474544378
728 176 634558.7358220718
264 176 735269.4688809662
712 728 457585.8185485748
393 728 182242.41820230958
44 182 606481.6128648195
182 334 685779.2007102903
182 625 286382.3507811647
389 88 213261.71513001723
389 390 499040.861220783
88 390 91061.1296033551
88 771 333831.3380847816
389 771 804328.8507593368
88 765 213163.10844522057
765 380 771907.523327029
88 380 135061.42494498508
611 88 832039.2551570998
611 771 179127.778687441
683 389 371800.4580839612
683 390 997328.9182325175
683 166 502008.55549107527
728 42 888945.3150755584
42 256 939936.2055390263
42 393 775166.8947812598
676 520 592867.2062991604
676 477 613791.4299667452
790 676 777830.6319779345
790 477 831574.3524038561
676 370 923190.9501227541
185 370 751017.2008534722
185 768 947417.547796099
520 185 639042.758509003
185 676 411534.6623577612
532 790 971416.0058812588
532 477 710829.8541224101
727 4 703665.9665334054
4 675 166618.00802185733
304 4 480099.69976040046
4 625 553428.8425839815
4 771 741433.4510577043
304 771 72707.8473358772
389 4 176278.20973508057
304 789 429217.59204629884
789 771 355052.9323944129
789 790 740158.5120373163
789 611 293170.373230097
532 789 906553.4376726319
723 83 542193.6286658391
83 600 685468.442852695
83 556 821006.9237350652
640 83 348570.9966864683
83 624 450005.3470692762
403 83 168334.22205787373
619 723 648854.8316515934
619 512 953671.2343497016
285 619 333862.9166461509
619 344 995983.2844738855
153 100 403987.3375589187
153 218 753874.9547919133
100 218 558660.4278510681
100 479 233087.6366022544
153 479 790020.2169621644
100 142 614568.1737569869
479 142 719061.7972343706
318 715 329482.3092301572
318 425 583301.7781039702
715 425 330187.96034175245
425 360 853217.8171954738
360 245 83929.09974684137
330 469 48170.52064013227
330 349 285126.8021310821
469 349 298090.9682732379
330 491 515081.0046564045
318 330 457144.3492764692
318 349 300210.83935526747
330 425 243884.64525872833
632 202 666202.0192404726
202 698 527175.4707925366
469 202 949540.274934067
202 349 659263.3985005838
632 349 190697.81809679497
202 273 381168.1826767052
273 698 38790.23452646657
480 273 1579.6450126929208
273 308 7947.771286643257
434 273 413528.6282361692
273 469 732042.624370738
534 740 832545.9458014201
534 559 753057.9815978332
740 559 934273.3291007536
276 740 858115.0490925629
276 384 83228.71852087832
740 384 391512.91090346064
740 17 543917.283146919
17 384 131537.68640708784
534 17 114808.90021255153
290 779 755605.254795302
290 605 733043.618492287
290 559 561822.6135311384
290 534 897631.8952687932
119 105 469570.51991208765
105 703 988678.5479737341
105 360 113865.90593309786
360 703 397009.44898183376
105 245 760338.1638460455
190 318 581599.3458988928
190 349 614518.3482622503
190 598 27213.804343039992
598 318 791781.3439296803
480 253 648696.8893145286
253 632 673097.3784169683
253 158 134343.77224240048
253 618 750031.1468844851
474 644 516090.233663111
474 705 462043.9242208759
221 474 962445.5751705896
221 705 556843.6329981773
474 729 873039.3233788224
783 705 611898.0259670141
783 593 634292.7971540825
783 221 527369.7313175312
263 783 794892.623571344
156 783 42781.62848226485
783 162 35030.19719731748
645 783 57417.86652062386
645 572 164694.5016597765
783 572 709079.5956675167
622 20 606326.0533681068
622 294 274261.7623163761
453 622 697623.4987630274
622 781 926261.2314236471
622 23 85168.95058738715
296 246 649582.2408305187
296 468 729156.7057056236
246 468 407729.73027768265
637 296 405232.30660964857
296 453 508137.4522095198
296 174 134932.9100882799
635 352 922240.4380767404
635 219 719401.5583075146
635 177 654171.5333312107
635 457 451510.6983229391
457 177 729434.2864733259
527 642 907121.9558045127
527 448 729248.516477717
527 75 621612.4785030528
786 527 934885.0332680214
527 40 797399.3708938245
527 237 837267.3011500648
237 75 544955.519697687
527 336 808227.5594841634
716 155 501081.72771030944
716 422 672628.2806884501
359 716 454526.65102556633
716 227 627317.2887759405
716 361 201775.62953185014
542 368 395080.0448782267
542 203 27307.714030534335
368 203 732261.2226659749
155 368 672537.9417431216
368 590 541789.6858699218
368 93 912241.6408692445
542 93 269721.5221476018
554 760 343876.9248891975
554 692 237004.0637966183
760 692 582898.9714604226
554 207 938001.6794174012
554 711 710026.7393813382
554 509 788146.8013137403
118 554 375239.2601177684
657 277 206506.92221627952
657 709 259536.3520609577
657 164 587839.9505303235
657 33 523932.69641498395
583 657 350612.24540268054
673 657 399994.0861081731
760 657 272380.12855990866
657 692 118012.05236831491
277 721 245672.43295310758
721 562 624469.9237351343
721 546 24826.30465517255
721 760 754381.9092219692
721 657 88854.5278912215
237 293 104913.90387386113
293 75 169177.77670103352
647 293 508931.1415186878
293 97 575696.2144133354
293 297 254608.74429832093
293 324 122929.8194786319
293 631 30834.547444112846
787 690 676602.4475739731
690 361 965673.8402906308
340 200 87309.70799879056
200 351 38701.77227219818
200 275 571063.8693704493
367 240 824670.988429798
240 74 888227.1469973945
240 61 679818.7584056956
275 240 289307.32222766074
299 350 997226.5099311037
299 69 73585.13104420772
350 69 354373.5427244711
299 342 142335.412068178
299 161 506184.2016321115
74 168 838428.0546430122
168 147 76747.1045217596
671 168 538479.7642811418
671 74 261271.49623743363
168 69 186771.44664816846
671 69 199884.53469170674
60 168 483831.1562186708
60 69 333413.4658566792
64 423 516736.60252846254
423 459 286456.4291962992
60 94 757197.3623135407
60 468 729714.2650465321
94 468 496463.8015074866
94 296 92408.2010011693
94 453 805693.6081283718
94 622 674206.9570855824
5 352 334519.8015745231
5 440 573308.2421214605
86 5 8369.558641729946
86 440 439448.5598652531
331 569 870728.4704810651
331 216 113518.832946647
569 216 441394.1934798159
110 331 263097.9942063173
331 776 720947.8413200942
110 569 597925.1321026267
613 331 922450.8104685292
331 621 350165.07114953076
569 495 144078.80373742332
495 216 505485.5753134684
495 733 875270.8878941418
495 228 546371.1598367759
569 228 307368.93918992893
495 248 144705.0337759296
191 495 785852.5634034419
191 228 47123.65991834389
191 248 210513.42701817033
217 738 773071.8806295474
217 484 350988.61700564064
693 217 385209.1256743936
430 217 121009.29818237948
738 307 919835.6242158315
738 213 368223.0986669806
307 213 106552.78265990653
457 307 402463.2647102864
457 186 48062.75556954698
307 186 142030.715345833
217 307 765285.0613334917
307 635 901549.587253295
635 213 845972.1338577647
140 444 55844.91063327612
140 430 734285.2904510987
444 430 435603.7148567212
177 444 100434.2778957864
444 440 952829.1059751236
140 440 664920.0484789019
78 32 637488.0961480001
78 664 895023.2959189507
658 392 139467.8953201448
658 773 845739.789864661
392 773 839069.0409414244
626 243 332805.5484576078
626 654 751361.2896402365
626 303 514399.6259425545
626 91 74568.84762439919
379 513 360730.5483373032
513 540 580865.7295606007
513 321 889101.9659104694
513 406 892513.5314755325
321 406 406000.93791985436
321 793 27581.66476705881
513 793 459019.9637268515
513 385 241796.9135256719
688 441 314636.40702833206
441 793 833004.3983815229
321 441 849811.7506190068
321 794 892541.959976323
441 794 553792.5548710441
433 379 57213.00211401337
433 412 650992.6217625847
433 688 73297.67715450109
433 773 286757.52217714244
392 433 601987.7051919942
688 392 499130.18498773465
321 670 588734.4778508286
670 406 61158.28587812489
566 670 792144.0388326453
670 426 924278.9428118245
670 565 140175.08467412353
564 236 674121.9663668257
564 314 527418.2347655217
0 564 426560.5756501295
564 321 366987.4232892345
564 794 969402.7808427305
564 2 268744.54157347506
442 717 768274.1186295445
717 612 190113.1613122783
717 392 831035.1023329996
392 612 238521.80792359746
717 688 409564.6631748524
717 441 637927.1380400172
454 178 148120.11638940536
178 654 420506.7827345099
594 750 734859.1150308899
594 576 776446.6257898231
122 594 920792.5004083558
122 576 42668.96060655234
620 594 748493.5719530283
620 152 795053.739869659
594 152 822099.1227793136
122 152 231321.38439501694
529 719 230748.67707454783
719 258 164084.9891873739
259 719 201352.05814957814
259 35 71402.34734654971
719 35 486651.5562202981
152 335 510405.5056619222
335 247 588844.8234442063
310 335 77815.85894302034
310 152 478806.05733725376
719 335 522053.0302448485
719 310 663780.187379669
335 259 942460.7752036395
335 103 911673.5907212511
122 278 681565.6399394519
278 152 859854.9316185198
278 310 227244.20772945374
278 576 121441.30320843261
659 278 19563.029517333576
310 659 278045.7175227682
91 560 184841.49135812544
91 298 686714.3286504521
560 298 773409.4275480353
107 298 174181.07378937508
107 247 512385.0784895867
130 107 557249.5203861315
107 535 653538.8049293582
135 375 149171.02183803188
135 606 785064.4513204377
375 606 893851.6551494373
601 606 413892.8380814223
601 103 775559.4502197558
601 135 802934.0419329868
49 601 786741.2644979691
601 364 200845.2830183327
135 364 391585.07217765524
328 421 776770.9257183116
421 282 80987.12650535133
421 313 457143.69021434954
62 328 568363.3683173466
62 508 717661.2547696297
623 62 67172.09643534383
62 421 444626.91602136707
62 607 261099.9894884921
62 436 858719.1689959689
211 62 110960.29730666123
62 313 581756.9167873117
319 690 892126.0088771074
319 787 10896.795987731633
320 641 784996.1201343684
320 266 425693.88659298804
320 759 63994.11472776928
320 90 402973.7990254062
759 90 49897.7627155388
320 377 234155.61177281264
725 638 354668.1509032621
725 755 749342.5054110071
725 759 296084.83648951433
725 291 432343.4529527553
759 291 547458.1396618759
759 755 397881.312055318
785 725 876835.7065525203
759 378 289494.1919381696
378 291 626119.4031080791
570 378 150286.2565272406
570 266 513270.8772887833
378 266 820501.1379583209
378 320 986004.6591518847
785 634 170497.79800100217
634 730 796887.2239920171
634 463 544566.223201895
332 634 666261.2802528046
332 463 442991.68161977833
634 618 918963.9620873384
332 618 232430.38043554575
655 386 575185.1938508811
386 266 107930.36177077187
386 41 269843.84783916496
742 386 517125.4255517731
233 332 253189.55778500007
233 463 574252.3268644098
570 233 15407.427268960495
209 663 440225.1088772241
663 798 820820.3474589995
95 36 7557.941100253207
95 143 844527.8682449872
95 313 545942.8964990468
37 95 889552.1870260087
37 313 968178.0012488555
8 388 471698.3659215481
8 410 994967.8593435364
8 476 852663.461837476
8 597 905066.9571524068
410 597 625522.1661127013
363 395 733241.6311736739
395 316 359441.9428071588
662 395 399330.03456111316
395 408 895837.0530955987
139 195 748235.8844869989
195 354 480292.07338608016
104 195 608272.4332807799
195 81 951043.110710833
133 215 870068.2508632635
215 720 420166.63399392104
215 232 73638.14776313693
487 35 828525.4523918112
487 455 942567.6729189515
487 259 177841.7410011336
1 487 419420.05717046116
487 284 683783.7941594115
592 252 427975.0558871874
592 284 777911.9574928137
487 592 820491.3510015184
592 21 705305.720954978
487 21 931532.03566024
409 224 641700.8771849393
409 455 196242.30071620562
224 455 517402.400674821
224 229 488754.0822923425
409 229 294608.7710076687
447 485 855984.5449601591
447 79 961771.0692501537
222 447 974563.887115574
447 543 377452.35498815996
543 144 32824.46129901984
447 144 965063.249629489
447 252 143793.11388770342
252 144 264783.05642740085
31 409 510673.3953549015
31 455 427369.47508945275
31 225 492838.2647795735
529 31 716028.4612684817
409 555 958562.57635395
555 229 557755.1900517944
555 633 132284.7838209722
555 180 242440.38651842237
555 572 704096.8212531639
230 555 318757.0740794121
555 645 701007.2268736893
280 749 612888.6976668526
749 77 803631.8791146635
749 581 131851.31135693294
749 720 712179.2093065755
215 749 867128.1807140795
749 232 504679.0413202645
749 575 447416.6207460014
543 749 477212.206658365
15 315 738086.6126095466
315 198 735252.06248397
315 214 632619.8135778767
235 315 552319.6666783306
315 151 221201.1010667557
387 315 904019.4005068758
315 506 78588.38229803566
26 231 159053.3921796713
26 160 638272.0795126586
754 26 10533.758076156973
26 505 646610.6783402284
26 151 537345.2212088726
317 507 614840.0754722646
317 276 49501.36534056027
317 384 463384.50981496426
17 317 327401.42793452734
317 701 993984.5008902841
405 317 826946.1145805652
507 356 552778.6562738606
356 76 466089.9785281998
746 699 753564.5551024983
699 483 242207.97021989193
699 648 275461.9909405027
699 121 914207.891871714
699 596 137631.79237657596
596 121 800538.5717098033
713 435 797915.3649265055
435 119 503780.17621374596
534 435 973445.3427552701
435 17 673945.043262795
194 226 817048.7578652368
194 703 18722.68809347799
194 111 187511.22360973095
194 43 854145.3174648891
360 194 843855.4479723898
194 714 13249.195195183194
360 714 523869.55838172475
639 197 53857.73620087231
639 325 239869.96910965996
470 639 964882.3836274303
639 522 708918.8494345191
774 731 563562.5762849993
774 18 716628.3181051579
731 18 324022.7032239259
199 473 554679.8957848978
473 204 443964.2754177323
473 169 536940.2588000351
353 169 651736.8846682048
353 333 322789.26164225594
9 353 231633.58624456354
172 109 14320.920340105902
109 525 375588.0296332272
109 706 248274.92187876842
109 188 630565.809204694
188 706 114148.3186534532
191 338 795500.3198217386
338 248 286677.0470481552
248 212 669911.3993651354
212 343 44977.376740490516
70 212 389109.4984617437
70 57 451163.1940801087
212 57 495882.229682596
338 212 411867.11727791646
338 57 3075.4712980279874
212 13 154230.81771381642
212 52 2834.344963422164
431 153 937101.8352342321
431 206 294554.9733930083
153 206 941574.6237694055
431 479 374533.59953560104
465 191 568204.799351837
465 228 456477.44073583675
569 465 869622.0882400145
110 465 268230.3234716246
323 187 978355.9061374746
323 256 428276.15660686314
187 256 876947.8667998029
753 526 511979.4230207121
526 522 201581.8155679472
526 176 262110.3833652766
264 526 34001.567932399055
312 323 524052.53031154454
312 256 279499.64170122985
141 201 259853.90860492797
141 334 149991.18629507368
182 141 939647.5816751193
141 393 112812.9891922004
141 42 911094.9608457525
619 113 625208.0140489034
113 723 460541.3624968118
113 477 480902.63622974296
113 532 206870.9630437545
113 789 763169.9290886628
113 799 389696.63746996777
113 611 404523.6769136926
11 715 436652.59201408713
11 318 508963.1215776953
11 432 377914.58828072675
11 206 2574.66765989367
153 11 880612.7182842795
715 153 4011.707526921482
11 598 94515.58784414126
778 360 977548.7385492253
778 425 388185.23372078204
715 778 48337.02948368213
778 714 882720.0057286863
778 153 178678.2314035016
778 218 520550.8849436977
438 273 294452.2688432848
438 434 483344.1187177289
438 290 359262.22754913283
438 605 752742.5305036239
438 308 531993.0046120102
120 220 260524.2624683417
220 428 275270.26552999276
598 220 549808.8320658442
190 220 864598.4878950728
445 708 110876.6651194848
445 428 797341.785367279
220 445 255774.13722515228
445 190 207482.73684722607
253 591 279530.6967214282
591 632 366982.10192687565
591 349 649181.4395311205
591 190 187922.88558817338
464 480 594879.9811131986
464 366 510287.2537328269
464 253 765836.1753862798
158 464 846159.7588209555
183 645 323204.4664808914
183 729 857597.0420543517
474 183 795778.0080534532
183 221 910375.8233520681
183 783 616460.3528148936
459 471 433617.9484478715
471 102 231973.8359789123
471 672 162752.73017310098
423 471 988042.855379351
471 114 413801.02264209953
423 114 951461.0845030919
471 439 200521.05922477902
114 439 820367.5613288761
246 685 74044.07094399502
685 468 632302.0382854366
685 114 194757.34884204966
114 468 951959.6878142544
685 439 313601.54235778237
549 516 479499.1946072543
549 23 733430.1075392729
622 549 80206.61348088998
549 205 17484.12624095619
549 350 47918.620704043846
94 549 323353.6718551525
616 397 836313.750723896
397 219 758.7511357225462
397 635 146190.2536696552
397 38 802984.950714823
738 397 496815.9828005361
397 213 414122.6230747849
716 269 765271.372886728
269 155 821561.7482809167
269 368 181897.73450407133
269 361 288921.92949658935
342 184 40090.844355722074
184 443 495238.71875356
299 184 689234.4348225257
671 184 658525.8890649879
184 69 56649.02041462727
240 796 450346.9769648998
796 74 841633.6918582619
796 671 505640.4861068229
796 184 273037.80529231305
200 329 884617.2022143912
329 275 897642.0625537022
329 240 326729.1931254025
329 796 462091.38835317444
329 340 191223.74929617668
329 443 980264.0210540228
184 329 694245.9383288223
305 168 584836.1761125397
305 60 890277.6627061192
305 468 775401.2063874002
305 147 904949.139261874
114 305 118235.3781632799
423 305 502017.1752331052
311 613 663302.2259728261
311 346 892715.5712326093
311 352 689264.8556364699
5 311 488154.8074530259
331 602 521860.5564314753
602 776 66464.93015237586
602 613 550283.3789931183
602 86 585732.7498361872
602 5 138165.3447329494
311 602 100284.73276980831
307 608 357574.8564664626
608 186 493158.2139075449
608 217 246568.14312729434
608 430 682274.8113562546
457 561 833014.8571045519
561 177 113465.29839847641
561 444 444079.8323885205
561 186 484772.9745953264
561 430 551886.0184932455
608 561 857682.3014252385
115 188 96137.1169148445
115 524 121233.48377074649
188 524 166382.74845669075
188 494 723416.0646761379
115 494 470874.9447161319
188 309 673601.2639691117
309 706 994384.7711749811
309 401 347038.8693843531
309 120 484314.2846011169
309 14 787875.5814776602
646 78 664787.1072797033
646 664 824817.756629159
658 689 517962.41689076804
658 454 923763.7770158355
689 454 323731.01074662915
689 78 496407.8275343807
78 454 929083.054994223
689 32 658078.0173037938
689 773 156549.4505392442
658 668 70141.30691982279
668 392 545022.0465872111
668 612 134535.6551098107
663 686 228437.20641966947
686 798 132347.8737510535
666 37 311171.4880920223
666 313 268904.4522819879
62 357 773245.1482882872
357 313 463953.8894452262
441 451 633225.9909026959
451 794 693856.6186626415
717 451 727120.2839869814
451 564 669971.9428780159
451 236 707420.413138972
451 442 545809.501472891
719 267 386476.60461101576
267 258 2675.7244213035938
267 310 730574.9814471912
267 659 435427.6854253356
267 301 9260.593464490374
178 372 951578.813121105
372 654 195120.35243988436
560 372 481191.2395990212
560 178 54874.18003692568
372 91 252194.0520041046
372 626 970557.5750659088
582 91 887673.4383782691
582 298 200.91319760284776
107 582 381403.66607520904
442 582 164594.5607207885
582 39 888240.2484250407
489 375 158649.583163056
489 135 544222.9415073653
489 364 536905.1483361926
489 348 68895.3255926239
599 489 612310.8498816136
700 535 1355.3677249589225
700 606 961516.8344062382
375 700 164138.01337132062
700 630 909630.8807140108
700 39 201942.83778778877
281 669 664469.9435066768
669 548 77320.42714287479
319 669 671113.534753601
319 281 888334.673401574
669 787 964819.8264784645
410 306 840187.2327832704
306 597 218177.89963237676
306 508 494312.2258214948
306 585 505748.5710927547
306 281 398430.5608922517
306 319 567992.6856604434
306 347 685426.1991022154
347 319 704861.3139546489
690 502 799689.2497780742
690 203 122158.9857119838
502 203 802067.3955921272
319 502 369160.13502946263
347 502 482051.59787547815
502 542 701603.5125524384
413 386 972025.2016002553
413 742 339344.0523316698
413 233 759723.5006056173
413 570 993631.1144679721
413 266 209253.4157552929
413 84 813582.4628390602
708 467 513227.96891292423
467 84 688701.7812539936
591 467 271034.47235036007
591 708 708977.6539561134
467 253 416446.1549236651
233 302 857517.7831025085
302 332 981734.0144362036
302 618 492945.756808664
302 253 221266.85979738148
302 467 36629.772838050354
467 233 428388.5786240863
678 95 70122.66348459772
678 37 48224.77784576307
36 678 580802.7588060068
678 209 372543.1083391609
552 131 359623.8781163623
131 461 559045.0111647861
131 395 204157.20248833913
131 662 367851.5253329991
131 573 578845.8779861489
131 417 992652.2178960247
131 587 486119.8285042909
131 354 887851.1445182933
195 131 498205.75779368693
224 326 156458.44774460958
224 144 703481.3685845936
326 144 14430.099436827271
326 229 685560.5219058493
326 543 986605.9710003744
326 402 501914.6208310227
326 156 10093.661358550276
53 592 223335.6309865051
53 21 932654.0529716288
224 53 322131.5128949396
53 455 754256.3470665404
53 144 986138.9231518582
252 53 307738.67158147984
627 405 628023.7650202624
627 134 989436.7350951537
356 627 595118.4000205679
356 134 462480.69509276055
627 317 132716.48985179552
627 507 491148.64668915735
231 707 378597.0697660798
707 127 479436.31068495585
707 356 548046.6188063087
707 134 959041.1717951798
707 327 655761.2794515047
533 754 240753.07342710294
533 121 412880.55625011213
596 533 529999.7983238276
26 533 306873.6744790037
533 231 272357.59734243946
58 648 62280.719182286506
58 76 566792.3490142472
356 58 490704.1513850281
58 699 940599.3470919479
58 596 965261.9736951673
106 105 956708.2271317992
106 119 68433.55471585166
435 106 285182.66987093387
290 766 109605.20638199845
766 534 244561.46251426093
766 434 662200.1110593464
766 245 627109.1906145614
766 438 753577.2831319795
117 639 893401.0180484807
117 522 874108.0376699034
117 197 179695.22218219936
526 117 693978.3024210806
551 567 189681.02597695036
567 693 428177.7402153416
567 499 806168.9399303969
567 774 580071.4017853887
774 499 322625.6186795208
567 731 737406.0373878535
353 108 988847.8958551761
108 169 409762.2616483794
108 274 84222.78680815153
353 274 224853.096453412
724 146 182.23880588563725
724 204 498404.1827699954
473 724 510894.2230177168
338 46 922190.2891689852
338 524 584463.3588801182
46 524 699150.2784667505
46 191 159120.03114347727
72 70 461626.2687688583
72 109 715886.1595431117
70 109 753119.9979835222
72 172 487060.0613446225
72 52 128587.09323517536
212 72 275931.22903828125
70 653 241559.21341815888
653 109 646408.9973069953
188 653 969663.9906449108
653 524 447013.6748769481
653 57 593715.6283774966
653 338 816676.552094681
465 661 849407.0038954064
661 191 933506.7861903519
661 255 118669.06220780504
465 255 671807.0990595602
661 46 478909.3078817289
46 788 234162.66682816856
661 788 345010.636764897
249 206 556467.6431515659
249 85 961244.2939420749
249 431 352931.63192061504
518 415 777421.3594947673
518 10 846938.7294345029
415 10 877185.1836771441
415 661 902617.2497204735
661 10 313328.1975908071
415 788 84474.90869574947
154 758 876037.8269861531
154 142 632144.986244736
479 154 797576.5301235077
54 452 205763.1948459884
54 210 834093.5823026532
452 210 7424.171615639463
187 452 499015.35528693796
187 539 25907.22009839186
452 539 471647.0379946345
465 636 399436.5251525336
636 255 904382.9418355674
636 110 260049.92740180323
636 595 248196.74991718342
110 595 571280.2348271365
67 187 721418.3768093742
67 323 10375.472727135237
210 67 537420.386403418
67 390 532087.3636245579
452 67 529609.37059216
515 187 30061.578350328855
515 539 404714.9715316295
515 526 177723.46271697615
515 264 984547.6733543795
515 256 598939.5151796566
25 774 674679.077101838
25 18 186175.52662996307
197 25 886412.5672278688
110 614 321820.70302617585
614 595 609.432810859345
614 86 469398.40802179714
614 440 118699.67828871531
42 208 411292.7073361191
208 256 743261.3970726451
208 312 283763.26170654484
208 323 78235.89138368459
208 67 877553.8951179537
208 683 979849.1818600927
208 390 797750.0398077186
579 182 711075.5415711054
579 625 945770.826147527
579 141 179914.51948240754
579 42 371505.26155429997
563 619 235641.4340410726
563 344 676659.8251541057
563 113 79949.21375556286
799 563 767721.6970280706
772 218 514124.20442431583
772 758 979701.1735878536
772 778 27.09866576777742
714 772 579415.8916163201
797 445 440896.74582585227
797 190 771349.6462378111
591 797 500104.6825431881
797 708 529148.5700052396
549 652 381138.73462184955
652 350 44447.618005011405
652 69 889349.352993504
652 60 879110.2106089527
652 94 389112.16886073386
690 6 634486.6712706571
6 361 740733.7445579076
6 269 628072.4544719094
6 203 820222.9718416184
368 6 678474.0559333154
257 64 847212.6519867649
257 147 881161.868338776
305 257 131851.64700798312
257 423 279071.4579853315
309 383 645673.9896643637
383 14 545077.3579357543
383 188 891672.4944057908
383 494 895840.2797674504
78 745 655003.8840076008
745 454 929310.0213542895
745 287 464722.25725300045
287 454 595889.8405260718
287 478 17384.154864190983
287 488 708142.1039925624
478 488 27579.241873060044
283 478 28511.35800980986
283 558 738359.9668718864
478 558 599813.8568507389
478 745 83611.79853667933
745 558 244252.47391756144
374 560 414367.5550416067
374 178 785859.4742397675
89 192 335443.0355222785
89 798 288652.53653579846
686 89 906715.7941747787
503 243 81974.02544612631
503 612 893599.4369107366
668 503 739553.187807612
503 454 496392.5890277087
503 658 597292.6903912533
71 666 886937.274622005
71 313 948693.069173006
357 71 264639.8597199322
492 62 307797.6448929687
492 211 763500.4523284886
492 357 832919.7925671758
30 71 395333.90903936926
30 357 656998.8272116301
30 283 558357.5390344115
30 530 41627.18638866247
283 530 195301.3585371576
71 530 510463.3628869511
98 107 592759.7506504614
98 535 599229.9703882673
98 582 136580.3564150726
98 39 320798.9962772508
98 700 174921.37855821344
489 132 265876.35732437123
132 375 576220.3792436221
604 132 920514.3549012821
132 179 164312.0225449889
132 599 28129.236474715435
736 347 71992.8337636735
736 306 240935.26181223989
736 502 698604.1517195355
736 410 71870.98339282272
736 93 564307.2123877946
542 736 238545.42492225417
458 413 601598.2067342079
458 84 917341.803538652
458 233 102336.20317079817
467 458 798020.3054414091
744 663 836593.1194390351
744 209 419630.4248720513
678 744 761773.9291666304
744 37 825986.4274607466
686 744 635546.2692244098
686 37 371275.5424120547
395 547 798564.691028571
547 408 573740.0400438512
131 547 862818.9561890822
547 417 338886.2008032385
126 547 860514.3377440198
553 195 375434.2126028252
553 104 500651.2247768682
553 131 213544.91411443567
553 461 517662.1975707253
53 629 863325.0556947021
629 455 10909.21517387844
629 21 700898.0530183642
629 487 901119.0865871784
707 239 401086.1678202716
239 356 955958.7259717047
239 58 554939.8004819686
239 231 875314.4834981682
533 239 942983.7633459733
239 596 920478.379571858
680 766 397599.01630878117
680 245 200730.44556093178
105 680 739673.4034508514
106 680 483697.9576138063
679 108 577863.4490034358
679 274 604417.665475736
679 473 50782.04152298882
679 169 211402.0420360563
724 45 850430.2343593773
45 146 78341.16299836502
45 473 192212.82596941202
115 55 228880.72658385406
55 494 733763.1905367704
55 85 428488.97919908556
55 249 979636.8198773364
415 150 527218.6745558337
150 788 479123.14949402213
150 46 504312.76074259356
150 518 376190.5770300025
770 765 893899.2698069719
770 380 647641.1643057119
770 758 102468.11607914863
154 770 362334.93117000506
770 210 854537.1100340642
770 54 17455.25220807287
154 54 140195.39289684358
154 696 17872.43681300543
696 54 875545.2127760628
696 479 810876.258621883
665 452 364060.14472956606
665 54 138115.29504133502
615 452 181911.23871883765
615 595 945905.5065449062
452 595 70813.3399683416
289 615 784586.6893386822
289 726 160926.27191294596
615 726 376119.97989135614
510 25 141922.94416076102
510 726 224435.42138896754
25 726 960470.7157674994
510 774 707320.2959370187
510 499 377797.6281799346
510 430 529720.5399145302
140 92 470263.4446461771
92 440 427193.9373154439
92 614 969721.354068615
92 430 763258.8031017967
510 92 956135.8422583177
166 129 706643.9119395753
129 625 341573.9947109169
129 579 798894.5869134465
129 208 43786.778994209904
129 42 811136.4416764862
89 511 540985.2695891355
511 192 813917.6121463183
511 664 425571.6532616579
511 646 216086.10770262106
287 763 545331.2887719314
763 454 3990.500544232889
374 763 130230.23817927427
374 287 4408.45241109511
763 178 278205.7541135806
298 371 770738.9132471626
371 152 142165.22511997874
371 620 390281.53892118845
560 371 892361.8642996374
374 371 117862.10549352871
193 287 220215.7783802424
193 488 346064.7223521232
193 374 514404.71310472203
193 371 282628.08662189345
193 620 146365.70695960993
71 254 458758.5736775567
254 666 81005.54376149838
254 686 716359.8692826149
254 37 731500.8057387081
254 530 708249.3343100329
732 594 101500.94849745928
732 620 159809.12773442722
732 755 886735.1193390698
732 420 899110.9672044311
750 732 205029.5661253576
288 759 533579.2608322478
288 755 341693.027043395
732 288 17790.662260612324
30 68 611140.062360634
68 283 987862.6821781598
478 68 805399.486054454
68 488 112565.29665170146
446 30 811761.1239352049
446 357 692626.7984743601
492 446 795471.0059997758
677 446 740618.004288613
677 492 112668.3708681141
446 68 505212.6311875442
193 446 97468.8511147811
193 677 380487.2976965126
132 437 423595.93643882277
437 375 345306.1030794897
630 437 518457.90222404
437 2 236640.00974450805
437 604 351310.77376962826
400 106 329126.132626646
400 435 999499.5638745609
400 680 716941.5485991057
400 534 938081.2382621042
766 400 458620.14251558814
567 196 399002.47921386943
196 731 422876.3670867326
45 196 471185.23951458914
196 146 628161.5282945576
196 551 882951.7528041982
536 687 958954.2191825672
536 18 100952.44670680237
679 99 595319.64990154
99 473 569195.706849433
99 45 820371.4203942234
196 99 525442.9584282506
99 731 827517.3973712713
55 791 469944.698966939
791 249 287035.1660130075
249 171 282533.8906144196
171 431 665696.5950324292
171 150 94385.47612492088
150 431 656344.1094626895
791 171 945262.8434119765
171 46 991027.9783847128
12 696 23010.892786899716
12 479 531445.2398735627
696 518 810528.6058402024
12 518 80465.98702278151
12 150 525489.1433433758
431 12 131877.86681701275
265 518 961894.5076859317
265 10 228140.08324101864
265 696 947223.1352069484
452 272 492875.39010389504
272 595 965059.9077191907
665 272 120410.46689276425
665 125 364512.4785977206
665 636 775239.3916768437
125 636 464074.37840912514
696 125 573121.3199406074
125 54 778925.5165224938
265 125 751556.0053487704
125 10 58470.43275190644
614 418 12789.465740860483
418 595 73718.49550152998
418 615 226854.8704163974
674 289 297382.1573103832
674 515 521840.3532699981
289 515 720962.605530642
615 674 901424.6954333677
674 452 846169.5431960992
515 339 636080.9192590585
339 526 347373.8548348535
339 117 193058.759927087
339 197 848612.4750746561
691 129 118817.49983485868
691 166 621146.7976197645
691 208 67630.31223998772
683 691 635333.0780390701
775 745 649031.0545453235
775 78 411687.9765306306
646 775 59213.762867300065
511 775 466592.7126938958
101 511 991242.515937669
101 89 904369.1059780238
101 686 495052.67834586
101 254 799622.2461575449
101 530 384054.6831310287
193 681 838168.3508163595
681 620 328792.8689275579
681 677 889775.0882970232
681 732 635221.5723802942
288 681 87285.72905745957
288 677 837515.0896418347
697 677 483803.45214298106
697 492 735823.7723376983
697 288 29203.961978615633
697 759 162147.4966169728
68 523 31594.870431522315
523 488 255290.34722603872
446 523 198204.29283809138
523 193 121718.37793395479
756 700 162767.01687667283
756 375 816266.1059048728
437 756 116540.72184664232
756 630 344640.4712815968
411 679 995269.2381936134
411 274 389556.8620182579
411 99 434938.11066324526
353 411 246506.2508582849
411 9 807764.0159889648
411 687 562116.1236538135
536 411 537370.9365254159
99 536 743867.4203477636
99 650 109193.04531010377
650 731 545007.4149323187
650 536 38639.37820326868
650 18 713109.6503367685
578 171 987136.2908181613
578 791 904237.6846486861
578 115 946327.6469667386
578 524 72540.25097675587
46 578 311943.22946852114
578 55 934479.2245524261
66 665 868069.7846921771
66 636 850113.9182600938
66 272 483874.6849433293
66 595 985715.8454478771
636 769 169163.84771907557
769 255 752645.4298659798
125 769 582826.3327105554
769 661 299000.3699192528
769 10 600101.8707733684
615 63 23612.447043189542
63 726 981538.8074637809
418 63 961469.1889892481
63 614 461603.81022439967
92 63 883301.993253535
63 510 87988.53555861874
452 116 18691.89588810294
116 539 970017.2454142825
674 116 34583.754908084855
116 515 229647.16113973226
289 486 318777.2304399958
486 515 57093.98441661373
486 339 368868.1746072656
25 486 987561.8077935515
486 726 943515.9491480652
101 149 954391.0214251932
149 511 621290.8139011975
775 149 271096.9557794145
149 745 248590.33065786416
149 558 24754.5909686715
149 530 908073.7740703423
149 283 962228.2959110661
181 492 410438.70756225666
181 211 846755.6756530135
181 697 518939.46634025325
181 759 14543.731172863672
90 181 563621.4509500132
514 486 827864.9410441071
514 25 199892.92900422585
514 339 617316.0858994164
514 197 20761.257639805408
