700 2080
0 562351.049047088 577951.5085557863
1 57938.538781032614 621133.8536244403
2 985622.2235525523 741883.2760839863
3 46819.1929976175 734139.2627380082
4 344675.8805442428 145496.91604555692
5 188685.47346154775 349833.12484021136
6 769343.2172610535 556533.0212648581
7 756161.3848790502 384617.8741374634
8 286573.9379032578 891782.2587863052
9 494346.33270012465 235345.35355539276
10 842744.5265242688 382283.97627830337
11 277195.4421562954 675077.0684315145
12 991426.7295666185 200617.33867900612
13 545706.5991122286 210674.50643965148
14 147274.47881107926 234997.2105597107
15 633644.0884658466 309063.6976594252
16 252845.72639458624 105863.57741790275
17 643016.0699203674 719443.1317245002
18 570322.8407289336 639043.7355948009
19 373541.2805700441 290313.1561683492
20 62290.940984444656 860006.39540025
21 536887.2523622186 352555.9219986524
22 295628.8973265834 304786.72249137727
23 915274.424423232 593859.2479258723
24 337866.7191688922 117377.05862347003
25 871502.180473736 552530.7631534137
26 502816.3716075722 454365.5980872593
27 341182.88779778086 822602.5847909659
28 270232.2273458402 631869.1118479177
29 478074.7534891926 574983.8594576207
30 442560.6712837927 423575.2692374941
31 510789.3170696011 33240.09711591236
32 880954.3827989879 97939.55333258964
33 294900.9926876351 583136.1380439511
34 736007.7321466962 590303.5239326787
35 168980.59561368774 355320.47950638033
36 779683.7065639627 42286.085262680186
37 52391.16172697989 711991.8424988935
38 225012.5502551674 778910.7415602839
39 336044.68032586144 471630.90876982204
40 299456.36553630803 705875.0168597759
41 382350.9136184001 113676.64503939367
42 506391.2103014778 815741.7896650283
43 825392.2743549907 411984.21413825534
44 622341.2432180959 831505.0445898522
45 894821.2557915408 861178.5334250983
46 669812.4058437643 464491.30512033065
47 373353.38495673554 746704.2839173166
48 246735.33482925824 807542.4814229907
49 960447.3426848142 552362.7999461119
50 628222.1448829934 988132.8360539497
51 664063.3188340961 109304.85826681269
52 855173.6979099443 45436.3506281561
53 611853.911149979 146230.38606302586
54 808805.0461014602 116668.34527451741
55 835355.2056139403 429267.61044207826
56 937001.2234771516 639172.2557410358
57 727196.8960538466 574605.7399362368
58 864071.2409185707 773197.7812042016
59 391049.4147057697 171557.67013747746
60 714420.9935992492 378340.28666261735
61 251484.373753018 837201.9136953617
62 210292.58993402033 559911.6193445482
63 624458.7809135638 254275.98298769273
64 19553.05412580022 219371.05197371155
65 580205.269715013 257363.8384154522
66 506540.4325784846 790671.6654046042
67 535314.9802062205 275280.1644341245
68 999164.3556826026 935513.422405718
69 702740.2790750982 760033.6623785193
70 821618.788732167 261948.10537357326
71 814982.8329002094 20370.151480711083
72 657224.3910232936 534215.848590746
73 818972.0633731487 417156.0218036402
74 172714.58375519433 958415.2066224816
75 489462.34676937514 667059.5980121989
76 208530.6451219141 239146.0701406264
77 542249.1648101842 297507.9509494593
78 426677.7775866434 657771.4086103312
79 743691.3261081772 225375.93061090654
80 472106.55132612557 524281.5226609522
81 18729.458517083964 829090.0180899557
82 798724.3707970184 812766.071164446
83 903406.3301590048 98421.74115493895
84 451398.9298309975 918227.2718084046
85 435878.0354506917 921438.587387735
86 573144.7028201505 644860.2621155039
87 742379.3031393453 853862.1724922593
88 155157.46456357316 381249.6618793463
89 983516.0032598651 223376.54009256448
90 806962.444245134 571678.9002660535
91 161221.234923131 4532.077038598148
92 186323.07295227356 937098.6210034697
93 39671.94586966716 474061.2447073831
94 191174.2650811754 685872.3963244475
95 173411.02827278088 826680.1534535135
96 555646.0306166077 144598.96120998784
97 56564.19624255704 643490.1845278906
98 271000.0029982803 919781.9288854081
99 47371.19507995902 109027.50807356776
100 136918.27340481099 116745.95724452852
101 984703.5452765415 617489.6536527269
102 7554.346702858483 133527.71976185797
103 341472.5125700403 469897.23083726567
104 96571.99719733544 578852.6760445798
105 761090.4305184279 917338.7359097502
106 1232.3179936694073 72459.60150872455
107 270227.0330321083 485883.8279145621
108 402612.1423556015 558921.1112173187
109 316513.60729158885 189162.63888993868
110 21600.277949635816 625901.5351884254
111 672039.868461749 842094.4540615228
112 899328.0301819463 211201.91241025997
113 810016.5195203272 645605.3090928675
114 527623.3182621707 784278.1780101673
115 374321.01298745244 516083.1315125238
116 433797.60399235657 146109.6583275232
117 693905.8113180896 412569.891580596
118 683946.4713926547 684292.1448067467
119 447867.43314942 4994.17145541281
120 88054.53993137447 99621.77555131214
121 230687.05916985567 639930.9563595299
122 833107.5273307202 326608.59303898923
123 550452.9753634351 264521.2241190311
124 322067.7905814833 780390.1680257666
125 212257.06103382548 866313.8178335999
126 936979.5318640231 159356.9917521974
127 684635.277139204 325991.1258156515
128 863077.6760184453 460369.4970074584
129 36277.13866670612 322552.04476714303
130 21459.24295858903 858062.9136397582
131 45057.7810391225 308992.2591264226
132 302806.7823872196 65755.1452606624
133 536381.1769389692 138665.41183336222
134 636662.7293545293 971469.6827970803
135 369514.47399532323 847534.9865487522
136 368816.65817800903 16695.153374948866
137 22837.091879630454 549602.9599568543
138 533554.3262465133 297015.41354880744
139 770325.346583799 731081.1326770523
140 3710.2297625482006 497403.70674065634
141 877153.0409315772 783364.5374656765
142 856389.390168789 523757.2130477867
143 435850.53242745483 897527.0329142987
144 821057.2764140472 461254.73382858495
145 812796.0099419681 938133.6854010682
146 946097.7203180505 696783.9410999351
147 847298.5536196121 868931.2031900062
148 965295.1087384403 398809.7128346557
149 992082.1825288711 984905.9077621377
150 763489.4156594932 151798.31769848996
151 480037.6175369583 631398.6136428858
152 298712.2340791647 959819.1899776285
153 173745.7528391353 271706.9908859641
154 156785.44656714555 12192.045431927867
155 201521.98279982558 992551.5503042086
156 672271.0110205127 878528.8048972603
157 237400.26020149817 466515.89428484894
158 484524.01307692437 366124.40523032786
159 620821.132184162 989184.0608520826
160 590420.8016525392 162807.19993208893
161 799058.7223236293 289798.4722085192
162 242231.57729434964 621377.5531889517
163 49864.704379364855 251614.66751376592
164 72614.88704170371 993244.5040004593
165 630690.4681877596 816265.4427725968
166 493074.08865988033 614269.4135691592
167 331138.0826003255 618603.1932424662
168 722643.6043967606 350098.1106129104
169 674491.3425054607 530694.7200446053
170 469248.89138214674 849347.3929520351
171 960980.2660134564 879916.5223538459
172 172375.46895955424 37377.60114564548
173 511748.4650922017 563461.9070986084
174 691844.4233964671 364551.1758327924
175 171165.47207536438 639835.1370967247
176 721964.737349911 106457.68089222407
177 478800.57736386097 746678.5317973125
178 642179.0651796033 869858.4965941106
179 899953.1919224542 868292.7657876216
180 293512.99942433985 355670.7700374748
181 792911.0115561654 511215.8086718445
182 675757.1640931821 612520.2149486474
183 38741.52520857854 21888.2780662758
184 333280.0228581494 462441.7270739144
185 171150.45959190832 885336.3647914486
186 569730.8466122416 103982.65240825899
187 152122.7641898162 866268.606541362
188 305996.96867854876 235988.51366130624
189 150128.01755871408 297707.47189498146
190 841844.3248586231 205232.2389672585
191 543853.4545309301 345397.6931001339
192 525162.0984294586 278931.618625189
193 924271.5915300088 100075.00492948829
194 857068.8331164226 868545.1491092835
195 63580.259150144535 603269.5027896308
196 166446.48694101494 211896.21719800943
197 293796.5210323742 483028.87273503735
198 483208.3720955772 900316.023407078
199 183415.4054750974 549237.0331337557
200 880106.0786270811 118566.57209528488
201 166203.09758487495 933980.2656028738
202 646023.5086460987 999653.5361443734
203 648526.3462466615 73719.30399278481
204 388829.24928457587 596025.2493363059
205 951863.9621405607 308563.6901206019
206 82260.34166904783 629693.1692039259
207 869649.2452228026 682209.9680428609
208 827586.7485930218 213862.6959989155
209 453693.17316801206 737676.4309116051
210 80233.80067234587 60806.51694404738
211 169458.15844336431 507036.1509336412
212 562169.0194875855 835031.2952055015
213 524652.9206828005 825613.8890938417
214 461058.0034721788 577419.7432085304
215 509299.56361879036 87065.69555172705
216 184183.83088537093 638473.4643938858
217 182173.8214294135 319432.79594480136
218 29532.05610905496 42096.36033491881
219 296429.81178914465 25006.750479692142
220 649464.6696273905 202749.4164220629
221 326596.2197168685 296294.5990078325
222 715279.6010601509 322226.8169742374
223 571999.8418305784 669481.0967259511
224 648643.886838078 897198.2329393304
225 623103.2481599879 923558.6713817861
226 989030.2644876637 911821.14147814
227 926883.9554811316 462068.36935091135
228 141187.5820067704 427133.2931453548
229 217696.64336194994 181317.65579532488
230 13324.952046795514 585036.809703508
231 101273.17172648931 941576.6721894678
232 783393.2523928239 977638.093302672
233 411658.5507606828 839338.0990359241
234 774427.7910312382 996722.3399805841
235 93209.34426260219 191954.1571187675
236 778276.3690384234 606875.0869386028
237 867999.798546967 846315.9646158321
238 274387.0487816973 179674.02428968248
239 222717.873298252 742444.0673832105
240 502709.5065834466 220881.79787337768
241 490211.6925046679 170472.3849201648
242 840357.0265691397 214537.72439229314
243 995826.5006168628 889946.938289521
244 529447.7930107614 886505.5483756617
245 558841.4012278301 152235.28706795396
246 94664.06896049962 469580.3717121918
247 809375.7049059821 355896.4708788438
248 308903.375741555 764862.3170713492
249 658657.581754564 521819.8899134713
250 431311.90554255364 468407.85980508523
251 745072.7979636365 105913.62923951664
252 377032.79779559316 90264.35648655862
253 976000.6785626011 549249.2638128216
254 536980.0916819784 431387.17681537155
255 89529.20650717133 689058.7915776547
256 553668.806400872 236378.11306785748
257 475477.5551363493 32949.69414231575
258 934239.3236684873 868934.5704579131
259 159825.68048976743 941756.7150127273
260 480390.15900963 249533.65177590703
261 991259.3611791839 750554.7994743478
262 724180.2246271275 314136.4973242683
263 449625.5726499988 932316.4450869161
264 672690.1103127744 331273.81411800836
265 776125.1746983416 376780.7574394525
266 397510.7181714128 79565.4134910756
267 138322.62906197645 677652.944727267
268 65736.27128486615 376468.1275243198
269 623493.6739953707 858218.5511683077
270 721701.8194416304 544811.075327115
271 835038.5094482165 933141.6793464345
272 46302.55476906076 694790.6122269307
273 65602.69137095842 734310.0531117307
274 635132.5715824408 243551.51233963136
275 621087.6849496268 662248.88907153
276 977193.9007725175 298758.37727952417
277 224952.55346253008 38492.82439434043
278 761301.4102657106 342927.51280612696
279 921381.4282433091 593481.4427849791
280 544283.964942744 164865.66007039195
281 881718.961133034 944807.3016273362
282 767067.9091411014 876113.782586795
283 691408.1391674489 829284.4620064695
284 841940.5469202033 463998.93090132007
285 698790.3085621835 995647.4113087637
286 396252.07482279255 632187.6532862092
287 179637.1597920239 156944.61375765657
288 347052.56086142064 910224.8488564631
289 601395.6976476206 488265.58240106655
290 480741.33525007876 748086.8149011736
291 436175.08950291516 695541.8671363337
292 131574.41134089188 513850.49652175483
293 458266.17203768017 885496.9622977305
294 530722.3469224389 373607.8968170553
295 828804.000610956 858496.5072925802
296 738522.955658687 958535.174008921
297 695376.5409598487 172973.21121417874
298 553714.865370169 550963.5419888521
299 744092.3713422025 138767.19808362625
300 774313.9959728135 289146.54262491426
301 923809.3366174643 469399.9529122505
302 545989.5527254731 157142.92069724068
303 587939.7011860914 436405.394918273
304 998191.9745498034 119046.78409300762
305 279371.9088046495 857888.7277001501
306 643205.6967389494 943388.8886610006
307 990624.9982325069 49394.77342500453
308 621515.0148806577 435879.791302467
309 958676.0346456392 942215.3755606508
310 769707.1657985562 181023.50888696694
311 925673.3560785356 419396.07594842656
312 169572.41679212343 984271.5682610738
313 814570.6723395628 968754.2558784208
314 895779.5992953615 844408.8103025331
315 835445.3526047333 30761.79203019147
316 314177.05929940334 766996.8935164451
317 137556.65004019934 597531.3363458943
318 938685.0497599852 700834.3045483131
319 351597.1059342144 669767.3219148879
320 339532.419016222 110666.70746071283
321 604419.6505445448 877806.0896596016
322 616647.0396076962 2635.6729187898554
323 205854.03996483763 111543.73039277398
324 415065.51773774036 598258.0066247266
325 283436.2461706856 700716.3042287619
326 965673.7847780429 404705.3661511242
327 205565.2750637157 734245.5182189342
328 545516.5680264524 824631.8386935275
329 430670.5533632984 110851.99312837268
330 405495.1566634906 97724.55321867224
331 490023.31622742536 294894.37389292463
332 765504.8467676325 949702.3202714963
333 969030.9887956424 61323.47605798494
334 392304.0712941269 266693.4026834671
335 374347.52361375076 887562.5619466857
336 176852.27490069022 930510.3997051804
337 127301.43513057979 426231.5642899315
338 497123.30834460293 987943.5144727223
339 92680.21309393282 950755.8302986611
340 812379.3705994077 261294.6687776505
341 387418.2156284071 614284.8648569882
342 282459.4362899181 45558.22441152113
343 345826.2935596454 961218.1997527772
344 68893.20177710212 497748.44576775737
345 858324.3788751363 781691.1600022184
346 29240.591133518847 250152.11427331652
347 660778.204674775 881468.5530889529
348 30693.421104314944 977132.787934565
349 396925.6766220355 379047.130477867
350 177553.73166373488 298664.75436240644
351 610669.4054878693 80446.39629707173
352 604986.9653201557 58471.35928521052
353 114735.51990888054 214661.55384717323
354 717176.2901288135 779046.0369928329
355 933457.0895928326 888814.3214446919
356 517241.69998252724 248498.34857115927
357 55346.19250893791 435224.98296161403
358 219101.00724801296 423200.08481129946
359 877637.7411366915 942719.0021782285
360 965435.8913002452 227225.8108401617
361 666474.3250761215 794010.1182802449
362 465296.99695934204 783387.532291545
363 984011.6329959693 602283.1542826886
364 467787.4912306934 465404.33913565846
365 13522.088414703925 663921.1488009093
366 934312.0918522456 1074.0876795585218
367 44005.90701691709 406493.86488652905
368 724523.546358271 832870.4450423364
369 659149.034698491 146060.0684782235
370 762174.9947432018 849631.3275577957
371 678601.5393864518 33507.996803015194
372 2318.6460780435514 283730.9902926556
373 575928.6638977518 925400.4523167409
374 39142.47634269685 435786.14356713585
375 485808.03199552314 165539.88631801764
376 967676.3751662772 115958.79035790991
377 999133.0049812527 321516.0424418913
378 966403.872089053 84297.43159843462
379 380665.5421011509 744265.429305604
380 894686.1087025814 647736.1853218821
381 140864.2002354935 835808.0134285662
382 728459.4228635215 981791.5535173868
383 486289.6101879532 26961.149447539134
384 239682.16947925324 881002.2266214216
385 514360.66541550594 705841.2916157161
386 931537.2139342336 555674.9089844783
387 324470.5234191396 815488.1655289672
388 13118.95841266808 806029.0029045735
389 852255.070307333 531708.0384250478
390 680251.2745116022 323724.26750559633
391 761121.4911212256 332850.7351069669
392 50663.628338106115 648654.1029924965
393 559344.63467171 575904.2229212065
394 1670.7612037368813 821329.793482287
395 404125.5803363265 624827.0228363103
396 940392.0726174209 928329.0756041604
397 22900.205426275465 524597.5546493807
398 628374.4317132964 663159.9829737474
399 984432.8912227591 737235.9878856906
400 491070.5971709368 925940.2960217777
401 635847.6066459687 542431.1810701909
402 870786.3723712255 226578.94152096403
403 2117.111814343042 444694.3155969146
404 836500.8462202334 149212.52721291868
405 994300.8785201578 754718.8254851308
406 786368.3460912916 675752.9853600325
407 482216.749993468 130843.27026439235
408 976478.3397545998 298293.88485383725
409 513348.5111400914 587879.4403162724
410 638029.8809474069 399119.4339667894
411 121333.61246476781 986156.5057133973
412 405744.0673477238 239278.2559678711
413 645617.2376026381 86194.62680150758
414 567501.9926001643 236118.36565729784
415 250553.9876037748 875343.8468728609
416 287974.87063063576 197936.27416515048
417 909840.5745118018 963213.3768557368
418 576752.5213186448 239128.17264855068
419 167199.13224114745 891449.298386276
420 695480.2452342559 594636.7556045875
421 366666.0664450687 524656.4318238652
422 789573.3064903935 498627.4120834048
423 89249.75745843034 192820.41011632478
424 25707.51982347508 837939.1773731462
425 276646.76046083437 289773.0479964896
426 61992.66546514059 80599.06617310042
427 206484.97628965866 385959.62330297875
428 889197.4376188106 892601.993752389
429 332806.8286720641 390056.44687371666
430 700230.965367971 419908.6192091245
431 432395.177994763 538055.4506963614
432 308424.29138018255 817057.4013651034
433 27821.67664234214 525090.7566492546
434 691579.8320021072 555959.9033596677
435 15421.523421542683 720170.3478641633
436 640704.4834102852 595000.8133475736
437 71766.12185167252 644625.3842777932
438 591484.6314908437 564172.9918229152
439 890246.4852770856 548962.5972205068
440 142192.584645636 795151.5395119846
441 209999.84295624497 458824.8099041826
442 440722.24705970864 3197.918665623467
443 962812.7639881643 341521.1460745583
444 11213.787678029608 846027.4704444964
445 90115.53777379866 12799.93395996093
446 33538.82319414181 194067.25553384796
447 379123.49527185643 606225.5985294093
448 491161.54523138923 947443.7068442533
449 65407.13578324675 15518.096339111942
450 184434.42225321828 183236.88642233715
451 670020.1980016952 704396.8396637872
452 458592.87230518484 518745.4349804382
453 143176.87014496906 206274.5922113267
454 568858.4023081837 454394.87291830214
455 268260.0130916968 321554.3244275999
456 405816.34127574315 813890.9526924376
457 816071.4219403579 242336.18063794015
458 367579.640466881 464362.106802661
459 907100.5596593923 361327.292611362
460 186682.0604586219 804623.6761741823
461 65702.4688092298 470326.21750001435
462 980844.0672070672 950350.184728935
463 935192.7123659329 597642.4288611849
464 256118.71539140618 737972.0117975317
465 95821.51605631728 750227.3270439287
466 967984.3519007654 777246.2856701969
467 371852.2772467622 525573.6253974969
468 118861.96845050235 8761.261042894319
469 719782.6295454283 632676.6905667757
470 559027.288970705 87669.08851373823
471 584488.5814871514 880993.9785689602
472 228171.28670160292 854772.2423492585
473 183662.0068564643 858489.1555907391
474 223661.1537545986 848421.6400678683
475 891541.2100921986 492691.11313614645
476 870938.1727647511 214857.20044121848
477 280115.53317025385 413164.35150295275
478 435517.18182241014 542512.2478315175
479 488261.2784105059 133863.6824949201
480 20125.308123012055 590497.8910697531
481 98836.7097070546 575486.6887956006
482 713807.8233017642 714791.3831471257
483 211822.11467971888 551659.0369084179
484 761686.1188692682 24507.32730412686
485 543862.4996287645 305454.26318651123
486 780055.8712468472 856791.0056422846
487 193530.69083777262 57470.18947161631
488 753871.2493630063 877250.2028627003
489 952163.1398574661 608678.7694066596
490 518440.57844472514 651420.3385607849
491 477519.18912602164 431123.8378281568
492 391029.6546960095 710298.6344634534
493 678827.3166721619 612803.0586500935
494 407800.78432681324 615580.6035538225
495 320581.7202811342 700812.8155415017
496 188940.819462307 566698.1970641983
497 465303.6919884228 884019.0753768563
498 865664.8259458658 635248.0469103087
499 490421.30967424036 829704.8608009678
500 948380.5837128161 482908.3159062235
501 452256.6292283283 894920.288402859
502 646291.8036531678 933744.1372490022
503 602346.5742849038 394890.33418664086
504 592661.3689800557 248450.74496801468
505 465157.5624705371 257957.11677691113
506 585617.2449737899 292734.95932511264
507 820969.8956142351 110553.094612032
508 615876.1241412957 887141.0694918653
509 814393.5004339407 709474.9356437456
510 473419.39233914943 807540.8390185463
511 172811.0666036645 719117.9492975213
512 791684.0446495266 249819.79830784828
513 956377.7661270831 103560.94433852336
514 597513.2898631878 694208.0261758883
515 939019.3416000342 382505.91611668497
516 320255.8205514916 703599.0959848546
517 223341.5615548222 869574.2960926914
518 989617.3912438651 208773.80297259195
519 772046.012710532 133639.14856409086
520 162619.02414866103 658766.2335489349
521 410616.2161049506 518561.29170646745
522 354899.827758562 93777.5748927786
523 107641.93179911253 817255.597295171
524 431072.44366406585 958369.1130223053
525 489572.5973772105 289405.5450510267
526 113417.30022554075 34051.394026324175
527 40682.27368402799 793577.9018103012
528 92170.58296433999 453932.9687561329
529 260130.31037902922 112296.51457195122
530 697867.5475490427 945605.8319702534
531 320243.2444913607 394506.62826400605
532 587165.7602204396 731667.6970050128
533 194130.6124610297 306384.6507963146
534 138693.42231682647 748928.7809805075
535 502257.7948882553 346973.0103576991
536 893238.3711614825 41025.61898039092
537 773529.7308398602 953226.389313975
538 271737.5846507925 103485.92995891937
539 189637.75284864136 955501.9609929058
540 777763.1080043534 242451.95351634218
541 474202.5942518922 3937.9989240106993
542 189473.1627513473 48036.08702750406
543 314174.3493791981 968270.9173002312
544 104690.27206694247 25354.845394038093
545 512336.40140646754 4887.982539803049
546 291733.7432666264 522256.2436647956
547 892065.8100940101 93370.0648018888
548 441117.4279455521 56315.16785833624
549 888338.063484918 155327.2209364519
550 494766.9328833759 621871.4368023273
551 499255.03697282844 842866.9178396508
552 844338.7342051805 777740.8038572539
553 502494.9297225778 677568.7186409668
554 78198.52809276796 180282.8009933608
555 565595.0374515681 454526.8949928871
556 119091.36670829367 778300.7204133631
557 411740.88991702005 956393.8212059804
558 794961.4251272875 43503.33818042129
559 523477.82626162743 320954.71575703827
560 830304.333684167 127751.2887759732
561 25429.07511714454 258603.5249854205
562 343852.3309918832 751560.0729570066
563 967084.1629436542 919473.7197925729
564 467765.4855758838 56412.105868562045
565 240445.38764503054 642674.0884074331
566 676307.6847938808 824918.0781386094
567 941693.9127286343 881506.7943255334
568 587525.3726917495 268823.0880867595
569 280604.36494166654 804236.9750230105
570 234494.91499930553 146285.25933705806
571 284123.4324871328 702959.198648146
572 249075.5150173176 244664.52620762124
573 690003.1037229128 719061.4870102678
574 547657.5248889555 223099.23970170686
575 582048.8407681336 572098.8871250611
576 295742.0891903402 908360.4396587705
577 733153.9257362051 120867.95797231265
578 398824.1290680141 475006.4575138775
579 985020.7295513665 794724.8077096788
580 349077.6803282074 198390.33342899592
581 559482.4749510662 403937.95959941036
582 30179.07715202228 330955.8324665677
583 99982.80155686013 262399.43992854067
584 566099.3839217687 144251.93312349493
585 406926.14440320106 197440.23906341312
586 237868.74211512733 374188.51614702755
587 198408.02724197003 753145.497812545
588 701826.2590054047 619966.285700265
589 324084.8097713385 205162.5087695874
590 185934.4696252604 420777.4578160548
591 698235.104489437 966967.5247325279
592 177102.6547810026 109409.28612507228
593 209832.3728644915 472161.45899323514
594 213829.30568582081 48211.01353201485
595 476159.93473413354 442252.60850731964
596 498509.6596332321 400537.283724412
597 382290.57858413353 139870.1281828909
598 114499.17169649604 664222.0612209212
599 218558.01034378097 73190.02446751166
600 327058.34294250404 956726.3497639202
601 102579.2562083615 932439.4965784145
602 35541.19910626286 484506.20584618644
603 395841.8377687821 823812.9966827948
604 220507.89039389917 129764.6392844225
605 151150.15712979564 553266.6180754523
606 391047.80399231473 207829.40218927537
607 944792.4090185849 676047.9742305322
608 64735.36552494552 572415.5527559475
609 220774.72235013518 26324.923632279006
610 449977.2261084274 627054.3738701438
611 152324.18971258387 886439.0289586028
612 961886.9275359839 977048.0709233705
613 520983.9332012234 491952.80380470364
614 918514.1537103859 703753.4620830726
615 783614.7811596836 27452.81880407291
616 711389.6641006767 994409.4772629226
617 277305.4537148058 200318.3138854111
618 673952.6018279723 29895.75345414197
619 591431.7989034479 770675.3062140913
620 608908.3178311901 667998.2664647569
621 561342.0233896931 515455.9228356809
622 278402.69700004236 466878.8161168016
623 290125.5901130891 347211.46115049836
624 43549.40682626351 613152.8425425119
625 463687.0616734843 141331.85053123187
626 112117.5651402162 793003.0899599973
627 295641.73369972 682049.2347194522
628 508604.3898934259 478108.4251803324
629 841811.5251590994 678677.7622006314
630 132419.96785907474 667482.1302565994
631 531941.3295651976 430112.5835779812
632 407399.5063768628 449236.9422446949
633 594642.041025807 885199.892232881
634 850106.703399851 43614.11724419073
635 465341.25274830917 281343.21164426825
636 845449.5280692384 93741.05362842178
637 943941.329031642 186096.7085604358
638 222982.833302785 32761.211716642592
639 227288.07419221496 263088.8816149446
640 157608.17420257756 823894.6826701775
641 986504.4288310594 351556.69006920507
642 692631.4600524883 946943.1440933914
643 271212.2611001459 914328.8608658205
644 886815.1147572084 174280.6155594605
645 34202.78164929791 465568.68633051385
646 16600.37518435831 182183.45479453378
647 205264.73593417305 986931.8341495198
648 217161.14417439103 697839.0341084626
649 42653.904962165034 729553.7115802257
650 41779.549628522815 480942.30259661574
651 869377.3619081689 63405.8884940526
652 440975.8060629939 897844.0866211747
653 111874.71055505771 708934.0154328657
654 308100.76833950885 397896.0654714292
655 675914.6957478754 207118.37535309076
656 824363.3839432481 897057.0916553726
657 473472.80836709414 294107.97170973837
658 848184.9308642012 953487.7692596664
659 719468.4868790276 847321.4928723795
660 583988.4882993033 659974.3485654449
661 949034.3441967929 933775.9931029856
662 673467.3170202699 976393.4238198232
663 336557.3559221808 517965.71518892166
664 402434.599967585 671078.253023885
665 788793.8291102401 48115.43668666418
666 794055.1758479904 462717.42155969056
667 557622.99212982 881406.388760258
668 771008.6856710484 378482.3097231386
669 320337.91984934034 145489.1829410947
670 24542.675434338522 678666.152233436
671 363716.7051335732 22675.887193001952
672 249470.4783417906 168072.07688131553
673 415856.800721426 758125.2428753065
674 121190.19402588527 184307.36721654452
675 230683.8682192036 827276.59229448
676 230060.41855750835 888524.1022907845
677 511352.78812913975 699422.3460718534
678 348607.8211118261 221727.69685858474
679 230565.38487549304 783661.8543207243
680 540880.4700805322 145078.35434525672
681 750457.0100958026 295862.04398210894
682 23904.277585746313 840838.0004108449
683 743660.7451663648 146250.6680958039
684 37820.244073414666 785136.6054436308
685 936343.1439270814 702614.7853925683
686 222444.74988304786 118165.21028444749
687 656063.3045489042 86723.96718075314
688 740970.1445960156 707327.2403195741
689 412233.2813310885 329868.9388072298
690 870321.3063408115 408985.37442185177
691 630208.7724257875 578620.6525443763
692 383659.96721050877 266717.22956469335
693 388791.84929216804 644520.1077980292
694 157432.79573140058 908793.598943951
695 489124.85751924803 109340.43309467046
696 204141.41300979783 780285.0489308572
697 556647.3935036869 962729.7647762225
698 354775.50204604 764412.0556120409
699 757406.4367305661 213676.70020414097
322 442 958255.570736368
322 366 242648.3914127946
442 366 63181.94948349376
403 645 930681.9531124423
403 140 470125.9215442148
645 140 321839.71923912945
307 333 29600.4661841075
307 366 664786.3634477761
333 366 153182.01200585868
202 155 520782.1827516691
202 338 269073.78837066196
155 338 750288.3256368916
155 164 546421.7066235952
202 164 725414.4881493809
159 202 218822.5474783826
159 338 890744.5159237601
645 602 531643.4761442491
602 140 898223.6815021157
183 218 340403.50828548113
183 106 283411.7472828608
218 106 964732.8808676313
449 218 196070.7112373826
449 183 258630.3598831381
322 541 431544.3188164465
541 442 945525.4778538495
545 541 235760.97132295315
545 322 700485.7760080905
541 119 812604.7776209379
119 442 801068.9577254427
119 257 733586.8938798633
541 257 169407.35624850544
136 91 86694.24584322327
136 442 561627.8397665041
91 442 626650.5233690062
572 188 174307.6355490094
572 425 463361.3719619766
188 425 812994.2103006241
628 555 70620.87444577858
628 613 79888.39945628068
555 613 624812.2453357942
191 15 295848.4890736023
191 503 803128.3829630549
15 503 5544.601418118855
313 417 807097.9511030187
313 234 629490.0110099167
417 234 905020.3180594237
444 130 36664.277856122804
444 348 844630.3123266146
130 348 277327.1575928063
461 246 36683.46509403897
461 344 887015.1675310466
246 344 163342.40880190086
149 462 381266.02624460723
149 68 161883.48425667142
462 68 710741.7070575119
433 602 370786.88072531985
433 344 189607.47576830306
602 344 922322.0594962658
608 433 790237.8722037782
608 344 115852.91976419021
433 137 391989.01263865293
608 137 517210.8842988551
93 602 881066.7393637943
93 645 898229.0866542367
461 93 216398.93664150411
461 645 54645.44497147361
541 383 124150.9401306553
383 257 316559.7654714296
383 545 714620.1322645327
31 383 23451.126684997715
31 545 636166.8343337815
536 193 653854.3878317126
536 83 115801.18770883896
193 83 748098.8838400659
333 536 283371.3853846943
536 366 720883.1620606628
193 333 956712.7300253065
352 545 60967.92277117513
352 322 890295.6638606727
352 31 247855.21075747162
219 136 861570.9350502134
219 671 538002.1384960829
136 671 44321.759259614344
219 91 778991.0014563015
188 221 274062.76131123386
221 425 598606.435735835
132 219 215113.90950308184
132 671 254696.40602495204
219 342 781027.0529840426
132 342 341970.20083545527
132 538 855151.4765370932
538 342 246723.58299689935
641 515 534179.0876423933
641 443 812757.4415830404
515 443 680156.2204630802
205 276 47539.287455644066
205 443 938382.6652027476
276 443 809564.419553005
274 390 847667.542471417
274 15 901520.440810775
390 15 912802.3416158872
429 184 243184.1565744789
429 531 433983.10695154575
184 531 958839.6118744051
191 506 556584.9859334076
506 15 588808.8148393756
285 234 410942.935810675
285 202 969403.8199144122
234 202 32369.580419219114
285 616 50098.07191107285
616 234 375481.8390548792
612 417 76656.52801632983
612 309 906828.8799628852
417 309 797433.6789878778
612 462 516662.3993066624
612 149 515892.00172630587
462 309 692184.9703339182
234 612 63850.66601748224
234 149 253855.4323462242
232 313 68940.4980547923
232 234 608394.2606023485
697 159 437933.22021904023
697 338 653854.9461263649
130 20 965281.5765466039
20 348 719376.4590470941
246 292 32207.827360990705
292 344 463187.8757706205
602 397 278266.30154233624
397 140 758094.8302957884
433 397 567785.5362645434
397 137 834142.4109559769
137 140 185045.9886778315
602 650 853441.2596199672
650 344 861387.5983733273
93 650 728568.9986961226
650 461 308785.03223470075
32 200 459597.31754740805
32 636 173322.52410065863
200 636 593736.3117818366
536 315 143064.17776059665
315 366 681987.6431390902
507 558 586302.2370252559
507 636 36840.061700735394
558 636 631324.9153410156
371 176 327461.96418217843
371 687 87304.3900937448
176 687 737010.3716241944
203 371 781048.733074525
203 687 97006.06395139422
109 416 925082.7547329759
109 238 375146.4008335842
416 238 7201.607015764222
678 221 527987.9136895657
678 188 347053.3873045406
221 22 727881.7093054481
22 425 663261.0590330444
585 116 811.5766117255952
585 375 183688.51660601638
116 375 120504.22653258553
538 16 680629.4296287075
16 342 560939.7903465668
378 193 363379.6584948924
378 333 329555.9401447702
378 307 651344.0943710984
304 378 366105.3921490134
304 307 965420.3594466065
7 666 810534.247250727
7 430 410208.5190259317
666 430 882442.7760058545
73 7 104578.29138925768
73 668 369051.8104370122
7 668 724740.2874500736
73 666 345657.618518449
46 249 539037.5405499905
46 289 222411.09433571214
249 289 733303.9123042541
666 422 316639.0070934447
422 430 379221.5325311573
422 46 100894.11994662233
46 430 564457.6371527509
46 270 933769.8000856703
422 270 96607.58249130164
15 410 675467.2121611108
410 503 852391.7363388187
310 150 704809.9446993953
310 404 631665.3085399569
150 404 47223.99598253679
310 699 696826.5448394534
310 297 927551.6506796414
699 297 646872.1008991878
515 326 985904.3533674015
515 311 84624.54034554723
326 311 408584.63132198766
326 641 753154.3032253949
326 253 343999.15861819184
641 253 465784.3920394934
500 326 483492.1674576468
500 253 996714.1217343408
459 122 826970.0486427814
459 205 883189.3065636893
122 205 944734.8034310181
459 443 771416.7938702363
515 459 673100.8153526882
459 10 820110.8107443809
10 122 926440.3692186913
10 690 386404.2851668433
459 690 526415.8371158008
459 311 799431.3898972165
311 690 160395.23196500982
300 391 307237.93948184664
300 681 888643.0081011545
391 681 880878.0227898404
408 205 422060.3675400485
408 360 563456.1431925962
205 360 307263.16716772027
408 276 659276.5242987083
377 641 866803.7013907752
377 443 600894.05278719
276 377 874663.2783275684
377 253 279244.0385708451
699 79 95718.62848874691
79 297 372254.5807302463
498 113 202116.86557352848
498 90 316582.0707678801
113 90 443444.5526490046
454 303 113599.63914982486
454 289 798906.1332811493
303 289 129210.5542286589
303 555 627249.3522905018
454 555 289135.69541067583
689 158 694776.1026909476
689 349 769811.5878178586
158 349 692629.7067660429
396 417 514189.23237450054
396 281 884422.4682350132
417 281 141029.94797697998
428 396 34694.7564837633
428 281 911628.0593967412
396 355 465128.2373473828
428 355 834467.354564781
405 377 964377.5275979829
405 68 370219.563856762
377 68 425167.9641018384
377 101 271752.12794652936
405 101 162218.4980340823
576 152 193836.0512340751
576 98 154519.28632333712
152 98 217673.79522391717
537 232 134802.39332789034
537 332 656669.5794931819
232 332 789132.7608926328
537 313 384570.67253567977
105 537 178170.31293965614
105 332 183985.17187020768
417 658 625615.6391497579
658 281 552380.4953955364
313 658 839142.2722190801
80 628 836132.1816459391
80 613 593299.3908437358
424 81 51497.94471042968
424 527 559850.5945321652
81 527 801379.887150742
20 424 920503.2585991533
20 527 474394.3941514276
411 155 713433.9288003924
411 164 442267.2324538115
611 20 367194.63288878684
611 187 600750.6343256338
20 187 906318.5567820965
195 1 467186.99829315837
195 624 885536.6136904766
1 624 90205.59856322763
1 206 656022.900516229
195 206 812814.2345580915
598 317 880487.0215312545
598 630 547340.6405164562
317 630 124622.03701115493
317 206 427453.63112900517
598 206 761449.630206432
357 461 183631.6228575552
357 645 785187.2755995946
372 403 1062.4034588870845
372 106 422279.49201078987
403 106 527120.379735743
102 372 524966.0808267589
102 106 799287.5098758689
528 246 395840.49946490384
528 461 412263.5510213922
357 528 234070.3266168601
195 104 276109.55271421967
104 206 144213.1361097605
104 317 689005.3321154391
104 608 763071.8558627191
195 608 176836.51703533498
292 211 200652.70184099016
292 605 555959.4262533595
211 605 420066.00786902657
211 199 214644.21822141876
199 605 840420.0403488997
696 675 113305.93151289802
696 460 484407.7404190622
675 460 405861.6042966414
598 653 845359.3042364004
598 255 346629.57764584536
653 255 66046.1358570461
640 440 700654.2472587033
640 460 66092.81591207472
440 460 305750.7972255018
440 696 804808.0473008741
696 587 354538.3780538798
440 587 734603.34594922
95 640 55255.07582602196
95 460 564566.9993954392
640 187 738299.9216761222
95 187 109260.15352463037
675 95 366927.6351839026
474 95 599815.8868604918
474 675 489879.9946958858
372 646 72752.27076285784
372 64 571432.1954414694
646 64 625059.9528716044
646 102 490759.4926961029
287 229 273786.372128966
287 450 119372.03768562022
229 450 485034.7404817764
76 229 934626.5476306168
76 572 426006.80906169285
229 572 161420.29486290566
76 450 511573.01003605395
76 196 875884.9903077328
196 450 405793.4002158762
547 536 57048.70075378165
547 83 876158.3722178352
200 547 36549.43970531566
200 83 732285.4980655748
32 547 786003.9963620389
651 32 404269.16818970913
651 636 84504.91574652908
547 651 9073.008335003686
651 536 506131.1649262974
193 549 766237.909461066
549 83 632094.8613043659
549 200 16158.938088128849
200 404 755671.1774105198
549 404 599709.3105024695
377 12 143174.31470181953
377 304 721807.4957875949
12 304 550633.299751759
376 378 884226.8662726644
376 304 984124.2798721954
457 402 924951.6506064693
457 70 967391.2151583998
402 70 796505.5967910112
402 242 663475.7060433208
457 242 136466.33401813146
402 122 865960.0845975949
122 70 249538.53685225834
402 205 438996.6729932554
315 71 908588.4094647889
71 366 123062.28616365134
71 322 962660.3917155897
71 558 131162.7979948403
71 615 844244.8625926313
558 615 656434.9156178572
558 315 537188.3800037708
54 560 370217.42066142993
54 404 747470.345095232
560 404 185144.0933110178
507 560 810771.6362498837
507 54 649956.8119044104
560 636 94591.97605321801
560 200 326807.0949654349
683 310 502598.134801313
683 297 236221.63119030526
683 150 268289.3298856298
150 519 947793.5548841568
519 404 582781.3392611718
519 54 737943.7471445864
484 176 542357.6522596014
484 371 586415.6871708323
71 484 970489.6054971508
484 322 846746.1888488405
484 615 896579.3957264272
203 618 457876.3599570396
618 371 598781.8505023599
484 618 247673.26831644532
618 322 305882.0625305662
618 352 824226.0808643039
203 352 651220.2915988801
617 188 681633.4568014909
617 572 887789.7116880676
617 416 463169.11704814946
416 188 496919.7691091443
617 238 213607.82555015723
229 617 47441.550165460365
589 678 579913.788265397
589 188 633572.1421558118
416 589 46932.1646107187
589 109 844079.4563735838
678 692 270763.3726872259
692 221 772415.7901841877
669 109 263580.62003792205
669 238 117065.16281819412
669 4 947251.8950545264
4 109 527368.3342462315
4 24 887203.9608302393
669 24 724074.9517527907
669 538 566897.1465811478
538 24 424369.5867354885
241 585 530157.3675153165
241 375 199685.2648275075
585 59 179401.99922116107
59 116 509901.8730862769
59 606 710267.3763105548
585 606 160973.4593794232
529 16 260311.0282738018
529 538 980778.8205208648
529 669 154750.5009980964
529 238 327980.6116035847
116 625 966865.388773758
625 375 897121.3210288043
522 132 993397.8842912454
522 671 620071.0499286342
252 522 541612.6057762617
252 671 686930.6627349376
60 7 917323.1526931325
60 430 389771.32740290166
169 46 399181.67799693573
169 270 260435.1096435148
169 249 140290.2153530947
90 181 643068.1425952716
90 389 617624.9479014677
181 389 679746.7150333301
181 142 526724.7788699026
142 389 245528.36500084584
6 181 184672.54694468682
6 90 414188.5677108599
181 284 265221.9035030091
284 142 567961.3513723718
422 181 701266.2889218869
181 270 981905.9593532945
6 270 503260.478616391
308 410 200258.2196517102
308 46 401183.1657665775
410 46 295282.21979892335
308 289 946562.438038441
303 308 721735.1871155174
308 503 556399.4027144082
303 503 685076.3087411672
390 264 457224.7749492883
264 15 172564.71625850166
264 410 101010.1726641377
410 174 170754.51854205402
264 174 495736.23182735324
49 500 391433.56876403146
49 253 29026.63016781093
500 386 461558.9807269901
49 386 493844.636880515
49 463 701520.4477723604
463 386 116280.73667845428
475 500 902980.826249682
475 386 834531.7361582143
25 90 106418.55285364577
25 389 257794.01884156704
25 498 46237.888802537986
142 25 843237.0522750467
144 422 469797.0557308693
144 666 629179.5926809396
284 144 979235.1460846921
284 55 258196.2464157228
144 55 812588.8813992176
144 181 695523.5875432255
144 73 481166.8108047992
73 55 494495.279183053
340 457 206101.47512642486
340 70 37506.48556742542
208 310 909837.4176155372
208 404 179323.05841056828
457 208 380759.57166312146
208 242 70184.61505793016
208 699 313954.04778588045
148 515 842600.9681701738
148 641 490499.3134792692
326 148 800620.5971976599
265 73 776217.3976315168
265 668 369072.4506555613
161 391 163188.90522803698
161 300 953090.493806789
122 161 842394.7073284262
161 70 740628.5573819277
161 340 410640.76214474934
127 264 975222.5986370672
127 390 609275.3445937145
127 174 270626.95552164275
176 51 479257.2162182612
51 687 124827.62733502817
369 176 180278.88890499467
369 297 234209.07035843996
176 297 378392.09988041077
369 51 507453.5702500609
203 351 747221.846844978
351 352 500847.64050053677
220 369 316934.27940101706
220 297 824813.537516742
220 274 788213.961178149
220 504 362371.0142179466
274 504 487325.98939192726
418 220 364514.8027368418
418 504 248922.64475433735
220 160 668681.703000013
418 160 299454.47621757747
220 655 687755.6311620875
655 274 869120.7201294341
79 655 1954.2687130307268
655 297 285820.34501500876
223 660 273739.69575103297
223 514 889627.2210839093
660 514 152557.21209783645
438 621 88362.71030133602
438 289 525196.0922382034
621 289 69776.84700817577
621 298 836630.0420457335
438 298 95550.21392931363
621 613 149204.21190432343
298 613 10600.961977671464
555 621 211172.2858159205
621 454 137291.75722597286
438 401 156924.1041749606
438 691 578326.1859721623
401 691 794864.5613381371
249 401 891270.5863042546
401 289 100131.47524865484
477 157 487602.13890539075
477 358 780980.378051738
157 358 576180.766454737
180 429 164882.5503659097
180 531 20287.481774824868
429 221 681732.2930631253
180 221 808061.2401015237
254 555 357730.726514203
254 628 878471.994902669
80 364 280303.41094011726
364 628 190778.22845122372
364 452 745115.51559668
80 452 434267.83141194924
631 26 728625.1966970572
631 596 638160.4890504896
26 596 619236.4799508743
26 491 941262.1673410193
491 596 232575.10747461318
26 254 123916.38648211601
26 628 545916.7276034208
254 631 429673.6475043562
364 26 510394.422635199
491 30 720758.8662761117
30 596 719528.6395573992
30 158 101553.80267621062
158 596 60438.18627300579
30 349 192670.01389209836
30 632 792043.2017009864
632 349 62274.05855063328
657 158 654104.7826490641
657 689 38926.36721896037
158 535 897006.7457331967
657 535 401293.9530489756
622 477 322899.0978196049
622 184 759028.4811018716
477 184 418043.7439255196
197 622 945270.1789324789
197 184 582664.290542967
622 107 158313.24431511617
197 107 889620.8726370787
157 622 637381.49013945
157 107 338259.3653872973
274 63 757302.8855245741
63 504 781224.9202661212
63 568 280294.6657283061
568 504 84563.73758396796
63 15 69856.65659219143
506 63 932852.2652306827
568 506 555269.2654974636
485 506 411900.4908037418
485 191 742902.9524631359
559 485 400772.43817044684
559 191 817995.4594675128
331 559 283933.22436787706
331 535 440862.7965226448
559 535 253559.73294789146
657 331 395827.3233358903
331 525 53676.18760803861
657 525 495651.6862895536
9 241 189689.82491916599
9 240 464274.00754050264
241 240 502167.28078161774
9 585 247489.5984110783
9 356 510368.64674885717
240 356 535640.1772482584
697 373 31346.12796909464
373 159 143553.08602142613
471 373 926950.0899757069
471 667 166899.7103115405
373 667 681681.7309442998
295 486 756687.2079414523
295 82 76869.71442192204
486 82 732493.414175085
207 58 384319.1721162139
207 509 122388.02895791423
58 509 75793.17281055376
656 486 656128.6732483542
656 295 275884.9222893194
656 147 798934.7659258306
295 147 343654.1044216589
656 428 873219.8931730636
656 271 292030.8194765061
428 271 238910.034715063
417 661 401360.31321419164
661 309 752259.429457307
396 661 562604.273516113
489 101 742965.668051243
489 56 738631.6978328482
101 56 881142.9875539399
463 489 433805.33931756736
463 56 955263.9301428241
49 489 548669.3727644357
155 543 278487.1838264946
543 338 762304.9384488737
543 343 309871.4299718669
343 338 330766.70629034785
152 647 945723.7041008527
647 98 801622.4463436005
647 543 164465.68118421212
647 155 720397.1694622888
543 152 239327.8258736018
551 244 705772.3158247359
551 198 634785.7334719216
244 198 336287.0561335237
244 400 537907.1285871146
400 198 885391.3547796509
373 244 999996.7947680296
244 667 736679.8488689349
400 697 980761.3621633936
244 697 767163.906266976
619 328 688181.6554504395
619 114 51904.01822270119
328 114 616058.0006751228
497 551 589798.8036224933
497 198 60553.23572032967
537 145 795017.9138949121
145 313 715823.1524658193
145 658 492688.95033142844
658 271 91285.8062949452
145 271 913845.8812810273
145 105 590120.5799198786
656 145 200665.67607750287
656 105 532842.3237440113
658 359 423718.29087055154
359 281 410767.67432946246
359 271 129642.32807486897
359 428 519334.70869084896
448 697 543666.8343591838
448 338 43492.67549285929
448 400 725936.3441208174
524 448 152165.2450424683
524 338 538160.2261439598
400 84 595993.991455621
84 198 945056.7477964369
298 173 286989.8091240538
173 613 436055.06519911665
173 80 477822.3758057665
458 184 480338.46205351426
458 429 962256.2838467503
632 458 442466.19871788786
458 349 262516.7732405339
429 349 983679.1567910212
578 458 153082.86769100087
578 632 915405.3634229061
458 115 168208.76749810332
578 115 640703.1845651454
39 197 9364.091907883454
39 184 207993.01738467658
81 388 160413.1130762795
388 527 762521.3959166033
392 110 496427.64823338826
392 624 456819.9097048723
110 624 132102.1681884108
81 682 865707.1859712173
81 444 607848.3375969308
682 444 468574.8878359296
424 682 219153.04875035502
682 130 339876.9071477581
682 20 591624.6258344691
339 411 607033.7332912827
339 164 718585.9959170121
411 231 198451.22338770816
339 231 14351.166414444338
339 348 853240.0354858822
164 348 910503.7406704698
20 339 357711.300879467
601 611 81788.81397657412
601 694 184821.1166721625
611 694 650996.0867613635
601 20 79026.01289694455
601 339 307687.5947244986
601 231 951476.2370091209
185 611 922047.0695593526
185 187 797594.9254186965
437 1 607915.5682121936
437 206 171901.1027656241
392 437 968882.9223765053
392 255 325082.95198191726
437 255 898670.5033431721
598 437 298038.6760339352
189 88 875083.6000291036
189 268 624753.2315127247
88 268 673617.8702235029
374 645 183547.8394397102
374 403 555627.8383371292
374 357 680299.439929562
372 582 468199.4084031642
582 403 238478.28195310372
317 481 326281.517123151
317 605 462592.396980495
481 605 163290.16895482663
104 481 482320.2344536115
481 292 328898.7622759745
481 344 564114.4479296296
481 608 13979.846801540518
197 546 974818.1200053705
546 107 30238.068294366483
496 199 761036.6598328105
496 62 427314.1318615119
199 62 716590.1577331503
496 317 943214.2369021269
496 605 180005.20174018387
273 3 724011.6503530807
273 37 549411.7423844741
3 37 820560.5266183137
273 653 799531.53078392
273 465 894795.3956885537
653 465 637545.3331671322
255 273 128516.58883102868
255 37 984608.2713928416
649 435 294106.19232359045
649 37 578060.1021281666
435 37 27667.953800044164
3 649 302038.3740943814
267 598 463402.33530676976
267 630 377151.424507001
267 653 129469.00428430852
267 511 374751.26792416413
511 653 54815.456973187014
465 534 894396.4372284852
465 556 582090.0169413349
534 556 138256.85322156711
653 534 98429.27530071832
511 534 873804.9452969274
534 440 940025.6287810073
440 556 401622.52042493294
534 587 906465.5422219556
511 587 208415.5878344588
523 20 824508.5593739847
523 527 165351.4524713694
646 446 10240.053226623137
446 64 200743.31734515083
446 554 919577.8589102448
646 554 779966.068210301
423 446 816828.5716696641
423 554 216385.02284163242
99 120 960993.4404533008
99 554 307070.5230478932
120 554 281989.6957423257
99 646 808736.5786172281
99 102 602358.2085352166
99 106 810394.725114861
554 100 360534.918129377
554 674 885055.6126334287
100 674 419075.3243251969
120 100 871595.2251636202
100 287 735792.640596205
287 674 338127.70122141525
526 100 836202.649945445
526 120 47375.16437763378
76 639 684801.7257570799
76 153 896208.8929511986
639 153 99479.56137871416
639 572 147833.66917158192
639 425 266154.9374128508
196 453 942478.2382763991
453 450 542341.1909901135
287 453 716021.7700234569
453 674 177274.27203749825
52 651 635370.5410715562
52 636 885335.0945765002
52 315 608218.3050510573
52 536 272129.90193944576
637 518 875910.0367123494
637 360 725832.9743637647
518 360 594054.5884705712
12 518 7856.973941052447
12 637 616546.185929749
518 377 124996.31419230606
126 549 764454.1223881169
126 193 165530.72518749823
126 12 588698.0090857841
126 637 358699.2085351027
126 304 109580.98699603857
126 376 157312.01766717716
378 513 158547.33481249228
513 193 825481.8135089157
376 513 416528.8404723748
513 126 874919.1866366114
190 208 210263.4833021765
190 404 579714.8329935338
190 242 77842.46752715984
112 637 441961.44439075515
112 360 17580.82689856366
205 112 84226.42644431822
402 112 917010.0210310394
176 577 321124.53142471344
577 297 307456.7616477411
577 683 913599.1460895431
484 251 766706.0676033583
251 176 886656.9925003164
251 577 286774.4402155522
519 251 907876.2351864272
251 54 452678.3899595018
692 19 948615.7755571312
19 221 773388.49412996
19 689 888323.193070747
19 349 746102.1683674988
429 19 770606.6416501267
412 678 45225.185562477345
412 606 536416.1910845316
678 606 235871.3896800021
412 692 338289.6107461143
585 412 420690.92467544245
505 412 729830.5494138993
505 585 685257.6673154717
19 334 950215.8127460966
334 689 399850.25679250417
334 692 514068.45529216016
334 412 698492.1072496149
334 505 787263.4947209407
59 597 926022.4293761295
597 116 64481.86258512289
597 4 985017.2098214793
59 4 119444.6339011479
59 580 678469.1417628026
580 4 87736.89257041372
580 109 318921.7847164045
580 589 984469.8552404192
580 678 374560.151193059
580 606 176653.3634569697
329 625 271787.44253869203
329 116 273986.6059702514
625 407 671770.7259944396
329 407 280333.0323621209
329 695 314786.0708297451
695 407 67401.24212933141
597 329 616256.8925874593
522 320 710891.4313443138
320 132 485570.1491354387
538 320 895465.4405999692
320 24 420085.19198396377
117 60 403995.8928060492
117 430 787822.5657104389
60 174 118455.52278564686
117 174 88318.47577277718
117 410 685140.121892152
46 117 437980.2874228951
222 127 684400.6916941635
222 390 873538.8599530286
60 168 957551.427158033
168 7 946722.6058098411
168 174 582.3426444844238
127 168 713734.1786873861
222 168 576741.0374926756
434 169 700758.7836704421
434 270 183477.33699868174
6 57 59232.327827838606
57 270 791707.0866493767
57 434 906953.2473403597
434 420 46744.4999917902
57 420 609538.2517811247
284 128 300017.4357870413
128 142 627529.745258969
128 475 515713.59093919
475 142 58425.59827588845
690 128 804747.8318079124
690 55 562159.1914425187
128 55 49920.202367202735
311 128 97807.51365571472
326 227 528729.9444207677
227 311 56756.00482300358
227 500 711792.0496734033
227 128 93121.72018711607
25 23 104405.13145608577
23 498 358374.46619728464
208 540 808105.247560298
540 699 786367.5521894541
540 457 316836.6796398729
540 79 957970.8202583507
540 300 825672.5423123477
540 681 559605.1911595222
79 681 898512.5145646053
265 43 748278.1054980335
43 73 656920.6314496389
43 55 535583.343900353
43 690 274271.5211233616
43 10 930850.8078301093
247 161 697876.817464409
247 122 144603.70570532998
247 391 723522.0506084395
10 247 215691.63920073153
43 247 821450.1543574046
247 265 567912.1217314547
13 280 856656.193207769
13 160 808098.9539947087
280 160 766492.2094735599
241 13 79233.73141364264
13 240 576163.206244355
280 241 326663.00530248415
256 123 863931.1660015952
256 356 586331.6360026228
123 356 792216.2984322422
123 67 451641.97135906346
67 356 687705.4030442407
123 568 619567.5916320129
123 506 96116.35113025429
51 413 29755.16192286043
413 687 681299.1183559838
413 203 576938.0170615396
413 351 613413.8542047655
53 220 375202.82426427054
53 160 70708.58542219317
53 369 673514.2691513132
53 186 490188.07196920033
53 351 725873.667103158
186 351 739445.7387121745
413 53 708062.3011055427
53 51 827830.8634181599
182 436 790986.5449929633
182 420 269247.23582131846
436 420 65902.36120011206
434 436 820027.892971685
434 691 258262.66597079884
436 691 826917.3756864468
436 398 191313.1884212842
182 398 263596.5625620527
275 436 467380.71700891526
275 398 752286.4435394402
436 18 307342.4320364808
275 18 860950.1962189771
493 420 884987.6479762751
493 588 522935.70779668196
420 588 97619.20209591335
493 182 532456.891305115
275 86 973979.9993485073
86 18 358545.7091401619
86 660 790358.0265893923
275 660 605357.780371498
223 86 536444.993760543
660 620 410311.38108034106
620 514 244207.75455354882
275 620 691051.459175113
620 398 472871.1546047109
398 514 995801.2476854936
578 521 305589.63686197484
521 115 66611.15645344717
86 490 905825.072290575
490 18 597727.85526551
490 223 27505.037262489983
151 490 820255.0218403154
151 75 465812.3686722404
490 75 665137.3136284976
490 550 284580.8595025178
151 550 454235.50409517955
438 575 613072.2437616838
575 298 212844.1152465671
0 575 906278.6343406442
0 18 282430.3430189178
575 18 439925.6254333464
575 691 112714.6960358455
436 575 755278.6984717954
654 180 351930.32444196026
654 531 148411.50839841066
180 477 146616.28923045367
654 477 830465.7273777092
184 654 421685.9693648126
623 22 581573.1618660031
623 221 525355.6722396197
180 623 410315.30475
586 477 825052.9654001952
586 358 565737.6019084264
586 180 393637.522235203
586 623 423821.9730156945
581 303 578900.2776190914
581 555 803979.9209128751
254 581 561857.5331634642
581 503 72479.8480397324
581 191 856962.6520053919
581 631 715183.4977464626
30 250 831967.0370269744
250 632 851477.8087272092
250 364 52249.10613146627
30 364 393953.1969565044
250 578 831420.1850136378
250 452 949540.9759538379
521 250 768768.321611447
521 452 884744.8338033324
595 30 456056.48482439574
595 491 439391.4560105079
595 364 414521.6985502284
26 595 142843.66787520685
192 525 475150.71710060094
192 356 561600.3106472803
525 356 641359.3905463625
67 192 582987.8948155656
192 331 791983.5615929357
260 505 235593.65747022876
260 585 698257.4960470217
9 260 294378.83384762134
525 260 611873.6271504323
260 356 986163.7575686815
159 50 487783.3396478455
50 202 148930.07123428138
50 134 604056.057844549
134 202 428640.7592476188
134 159 603285.25613964
662 134 758440.8838957251
662 306 665262.4861680059
134 306 881185.2043154557
662 285 373103.994727353
662 202 713405.6336229749
347 156 829989.8442427979
347 224 780203.4108894968
156 224 273539.555622329
111 156 530594.0622445795
111 347 572023.2856166639
134 225 358044.52996454696
225 306 174001.33363177738
225 502 19582.05281596359
502 306 756604.0203875013
225 159 225268.6153721475
373 225 88941.10767710661
502 224 547918.3660571213
225 224 534584.2527758188
532 619 167932.5973066561
532 114 813467.3870050191
532 223 466355.44084876834
532 514 453193.202978663
370 368 679930.8456832796
370 82 993194.727174664
368 82 454765.3302220724
486 370 116264.70953396162
380 207 439440.29193846055
380 498 215288.87406670128
207 498 860382.2011496765
380 23 67277.17969022207
380 56 67751.80617272703
23 56 223704.48415864975
629 113 810679.1839566551
629 498 377737.87266658654
207 629 969340.4698512161
629 509 859584.2354071754
406 629 704487.5841029475
406 509 464887.8893279923
406 113 758686.7814523601
194 656 386348.0147896582
194 147 733263.3996008777
194 428 444720.64649804163
58 552 503269.6760175609
552 509 73464.77078969749
345 552 155668.3501396181
345 58 707745.278146123
243 405 350510.5695440426
243 68 863786.016746012
243 579 394262.7219104169
579 405 915127.9476956265
563 396 454845.4834222737
563 355 979428.4708349775
563 661 744333.9298290838
563 309 874822.4501699592
462 563 178391.31898848238
563 68 129294.7629265554
405 399 799119.4721258408
399 101 252926.61412191854
207 614 43061.64222118236
614 58 938337.9942446653
380 614 941414.9332020775
141 345 967448.1612873498
141 58 649713.9461063335
614 141 674892.3514582382
363 49 815548.3512629619
363 253 410625.3315872721
363 489 59353.03930783209
363 101 881535.8791322173
377 363 759143.7198750833
676 517 554773.82973649
676 384 609035.8202987483
517 384 285949.87180131517
676 185 436258.8913584143
676 125 109445.37049407787
185 125 495501.9002022625
517 125 403819.01724552095
411 312 869722.9571158506
312 155 228231.42186285317
312 647 238513.17312828702
576 600 737848.6660027994
600 152 670905.7345431527
288 600 198358.5952889505
288 576 711780.9207534982
600 543 298058.8260476346
600 343 145870.8892248458
288 343 627865.495848006
8 288 228700.55231769316
8 576 372774.76620752545
8 415 483163.8651483677
8 305 923060.9772009014
415 305 223038.09607095993
288 135 409611.25619892724
8 135 32560.5776710276
244 212 812961.2679920869
212 667 806659.7289736641
328 212 862127.6250595514
328 244 469627.3072443036
212 471 718190.7939611193
269 212 510735.4665269842
269 44 278647.88739155
212 44 583042.8347950387
212 619 290570.353794986
619 44 305854.8374215885
213 244 976002.3923252637
213 551 603606.880963933
213 328 378233.63483194285
213 114 549460.6943135498
499 170 289593.2860370883
499 510 696501.2238716638
170 510 128502.16102381429
170 497 790264.8121743165
170 293 25545.136042271264
497 293 50106.423646598785
170 551 989130.2858770979
499 551 495842.8408022139
233 170 204108.21472304786
233 293 813879.9242092652
233 456 546990.7305363142
233 510 415602.80191436695
456 510 711399.8590899457
28 33 224560.64940248022
28 167 766335.1217706673
33 167 829856.7352567812
696 679 593916.0154466748
679 675 671957.8859118616
27 8 884310.0514412906
27 305 909327.2326880358
27 135 88818.38157336641
263 448 661361.545099499
263 524 615548.0379105064
85 263 307226.5938337875
85 524 867404.290093678
263 84 20331.797107896677
85 84 883741.5264823714
263 400 800997.6311859372
409 0 806071.45187383
409 18 98977.76883273546
490 409 860853.4055972731
409 550 624186.1113379056
458 103 113444.74892901002
103 184 431783.9372863269
103 39 877801.1407872571
103 115 67337.57423770959
388 684 609747.8166173908
684 527 909214.0105457361
684 435 670148.7662235417
388 435 454182.8177236936
273 684 225.88689948177532
684 3 371452.7770038252
649 684 966865.6385451963
684 465 391103.19183618104
465 527 789526.3386471359
394 81 297845.25824647123
394 444 725047.3560369213
394 388 350333.76741547475
394 403 450133.4082653149
394 140 615758.8596629885
394 435 333412.979786865
394 106 526740.6153142651
394 348 537911.4389738902
137 230 132718.60480241125
230 140 509521.03930686286
435 272 682245.2928101622
272 37 271348.4290391326
670 272 584972.5659286691
670 435 169472.8858364337
272 392 599183.9917684664
670 392 515146.69211725926
272 255 470221.86344042985
365 110 271234.09373152786
365 392 131124.12755954216
670 365 109574.04122726322
365 435 50491.67012197508
365 230 834372.4931412648
230 110 691026.7227539723
394 365 937759.5266683449
365 140 250509.14422172421
611 419 274617.18034199736
419 694 776347.2351917867
185 419 86361.2078583842
185 473 747736.615947016
473 125 946719.9902993069
473 474 106670.17818936054
474 125 475596.4304440503
473 95 944801.415348082
473 187 427012.5441897003
415 643 290270.6630985105
415 384 407014.327455549
643 384 506986.89138811803
676 643 69295.58571009774
676 98 559716.8081238301
643 98 872240.9424103973
8 643 670593.0532586286
643 576 885216.2989207957
97 437 932574.9469383704
97 392 738991.5049422339
97 1 352840.5893680674
97 624 975540.6658904946
88 337 110602.5527913771
337 268 861735.8275035478
337 357 167534.75995944932
357 268 739204.0125993196
337 528 898549.6728758885
337 246 917205.1248782808
350 189 726089.9944234232
350 153 954.7902340721893
189 153 576706.686648541
189 217 210753.17913219627
350 217 146271.80567131404
35 189 500726.85077535926
35 217 500109.8971468918
35 88 375386.3974966244
446 163 409463.0893585043
163 64 770124.6555832176
163 423 732289.7109529384
357 367 125623.79393036038
367 268 863399.2605182081
374 367 487470.64831607277
367 403 746862.7628283455
582 367 234237.31711620576
582 268 693126.2450294081
131 189 322953.35373801534
131 268 427879.2599313406
483 33 438684.05475483096
483 62 881358.7973184345
33 62 281888.3885050515
483 546 65843.64019598698
546 33 24670.20507190565
483 107 558100.4008738222
483 157 47451.66243057308
199 483 919076.0280123408
211 483 461283.157741729
546 663 398604.41139050474
663 33 737612.4524357264
663 103 135104.0504981773
663 115 964130.1865579017
663 39 809046.9055572908
663 197 594407.7036114807
474 472 760152.4940913258
472 125 752196.9959121691
472 517 515545.1846271567
472 415 237895.74919293876
472 384 465802.73910967284
381 440 951886.1767828744
381 640 174165.48917775377
381 523 94734.51810696331
523 440 293466.10687502904
381 187 140556.25320141017
20 381 783977.8635995369
440 626 808411.0014311919
626 556 238200.25837006854
523 626 812918.6734642148
626 527 356157.0250786401
465 626 300404.83129835385
218 426 986412.889329444
426 106 305970.9694775783
426 99 170690.03306171126
426 120 868327.7192638989
468 445 207475.832339313
468 449 477796.32008004334
445 449 738491.9120535891
154 468 206268.4507034791
154 91 244569.80985541322
468 91 762704.6601683734
154 526 267458.2449731524
526 468 245883.07452610848
172 100 184040.0576374893
172 526 164777.2092095141
154 172 904378.381500392
172 91 751634.0585453194
570 229 532766.1614304926
570 287 112227.83112920831
604 570 314012.2283291946
604 287 106664.5696753452
16 599 669722.7623676348
599 342 310528.07190721965
599 277 344120.8930290159
277 342 903959.9247161354
323 604 126769.67303887499
323 287 879235.9389437485
235 554 521998.1659914071
235 674 884868.6470260377
235 423 179060.76257961668
634 52 256071.21248913568
634 636 485510.94370935933
634 315 151267.95473345622
558 634 496449.62927673396
518 89 406276.87451288244
89 360 587956.7022966071
89 408 3887.1248553081773
89 276 860238.7950520572
89 377 956728.8917838229
644 126 808861.7406651393
644 637 67814.99920575962
112 644 547015.5724826878
644 549 570120.8406697942
644 404 278788.8707757973
644 190 588001.0100221493
577 299 680751.6664007028
299 683 800809.6659854967
299 150 919475.4034180094
299 519 593241.5782353032
299 251 427949.3533354184
36 251 726125.6364976385
36 484 204693.67182209287
558 36 362414.0074680392
36 615 821794.6193903231
635 334 876858.5015538803
635 505 540749.144288256
657 635 48263.67862961001
635 525 477111.25035143597
635 689 374875.75800662854
635 260 240700.0642178948
31 470 300645.9094061592
31 215 637044.563225551
470 215 997619.6427325966
352 470 2941.91334996341
351 470 842719.7734294698
186 470 488574.06800261926
584 53 466008.19317225995
584 160 775321.360266495
584 186 804980.3931257587
133 695 929969.8016359281
133 215 106284.73984492137
695 215 503937.6713139839
470 133 868112.1919461066
133 186 760307.7945477959
41 4 204945.84732658716
41 24 257872.3947289072
41 597 723795.1525446774
320 41 162356.32837259173
41 522 140099.6720051494
41 252 701410.0518474897
41 329 588889.3368425155
609 219 965463.7616525183
609 342 517840.2390324687
609 91 161078.4064931654
609 172 780265.3615997551
329 564 411116.8447964728
564 695 813998.6712897446
564 215 657868.6926636578
564 31 455244.1331273351
383 564 851221.8952216327
564 257 104613.26158779782
262 655 118811.27879887821
262 79 650070.7616628783
262 681 39636.56713934294
262 222 430181.7799996702
262 390 379139.5109579737
391 262 649376.5032036138
274 262 792931.483050332
168 262 502189.78549648775
168 391 739477.9984515001
401 72 767280.8148345229
72 691 236911.06005819407
72 434 564502.0146083558
72 169 370367.15222502913
72 249 559550.1603876215
420 34 374966.6551222374
34 588 366291.14886828285
57 34 44180.98121913716
34 6 332665.51953627577
475 301 461291.90998677607
301 500 751219.0214909068
301 227 700042.0229552041
128 301 664114.7124493802
463 279 47979.906445650646
279 386 982030.2653576151
279 23 688252.2743296733
23 386 776564.6353029042
279 56 524815.9939256676
23 439 113428.84950887566
439 386 563643.2796420502
439 25 341909.92576284194
439 475 565592.462537743
439 142 836503.6079991555
340 512 199069.74433382653
512 457 306638.8048046886
512 540 615062.2602444183
512 300 998113.8050815477
512 161 123922.42200310576
247 278 251105.96276054275
278 391 484960.23907730554
278 265 525501.9348654684
278 668 125521.28058088863
7 278 58458.3838042535
168 278 283231.75513806875
574 256 877894.2901330868
574 356 838592.1271633374
240 574 883046.7444800863
13 574 9007.882304635228
418 414 877051.4454286171
414 160 675003.5217372172
414 13 801864.5998334415
414 574 75762.37718091639
414 256 415644.96237242554
414 123 884536.6588039243
123 65 866273.6050477652
65 568 924553.3100843225
65 504 12554.206070168106
65 418 267650.2148843819
65 414 582421.0585521059
619 165 230996.52012686888
165 44 298869.99795756507
361 165 864568.5112078591
361 619 718007.5119111517
165 111 527254.5211286487
111 44 949625.4607701607
111 566 492051.0685186099
111 283 562234.0144274051
566 283 124218.9650331973
566 361 438967.8945112408
361 283 914856.1019500253
165 566 733601.7973934136
354 368 104197.31992644354
354 283 533529.0880987664
368 283 338031.47143408394
361 354 400313.11553480075
354 82 6404.061570842167
521 467 366947.0395939904
467 115 206672.05155055068
204 108 471941.1611168204
204 324 523008.1361802984
108 324 339628.63635425933
467 108 457076.70018209546
467 204 884513.4605862501
108 521 853383.602856776
80 478 801165.1329187771
478 452 494134.75295673223
214 478 329059.54558427277
214 80 143155.21882378135
478 324 868600.4521343261
214 324 117656.91440223147
108 478 37598.796246824495
173 29 385678.5223231045
29 80 841528.3532646619
29 214 367615.1167244751
409 29 148340.90850812232
409 173 623670.2396529161
214 610 384656.51523965906
610 324 507818.0892161949
610 151 902683.2883398118
610 75 957572.6857479573
575 393 834752.2580650606
393 298 890332.9659894994
393 0 148091.69463434524
393 173 231513.14471322636
409 393 620243.1399256766
586 455 940541.2265444496
455 623 473052.72947026946
22 455 450423.3023856247
455 425 444457.7693376599
455 639 185201.02275320527
581 21 675037.9209023312
21 191 483717.8637730477
559 21 281177.8897072107
21 535 570319.1373241612
294 631 222913.20083799592
294 596 977311.1886937761
294 581 273033.2336473961
294 21 306480.7714710175
294 535 468191.99225530087
294 158 435013.32951245684
138 192 662135.324951234
138 67 366593.924663113
138 485 387546.3635884564
138 559 610563.6326094596
331 138 503983.5697012961
502 642 9051.669691828134
642 306 704687.6191527271
642 662 489023.33885817317
642 224 121783.66314858836
156 642 275101.24725839903
212 321 399336.4123352777
321 471 880341.4932191105
321 269 896729.115523354
471 633 302630.3930666938
633 373 782007.68470735
633 225 681347.6536447534
321 633 177191.96145490924
111 178 37230.00360605344
178 44 232022.05824073087
178 269 935513.0212591733
178 347 640145.8604840516
178 224 146945.713187163
488 282 354507.557700976
488 105 614593.7040086092
282 105 499714.26165072963
282 656 691732.7551599711
282 486 758411.1892395761
282 370 311949.52839807555
370 488 62229.09314797409
659 488 118473.56141449095
659 156 934357.6246088832
488 156 798396.9947251856
368 659 837173.2348946988
659 283 501057.57052063406
659 111 685548.2031037495
243 171 516601.54251934186
171 579 741385.3513115507
226 243 939953.373269842
226 68 541303.0501929618
563 226 775921.1710704922
226 171 776701.6046174689
171 563 341565.5339997431
146 399 942026.3710559665
146 318 356350.2638701328
399 318 339613.00959778595
579 466 458580.2899656615
466 405 434010.37817230716
466 141 770244.0774066899
466 614 443242.7797852939
607 380 373074.8840014211
607 56 113177.16822294366
607 614 150804.1693706883
614 318 735714.231599664
607 318 667993.8463660171
607 146 232673.67041582277
101 607 117567.74209058474
399 607 459351.7638751432
194 45 404404.9615492126
45 428 391439.5327399336
141 237 840792.6576548095
237 345 228641.2877554763
237 45 386537.8563754589
237 194 677313.0842073548
237 552 598384.5106112004
295 237 979746.7338130912
237 147 473707.7938701103
237 82 876086.3495938571
552 82 398572.9129867029
74 312 628403.5141149004
74 411 904312.3040834679
362 66 281446.87666274427
362 510 608019.3293386953
66 510 21445.705430493843
209 362 495934.2913743743
209 673 567645.1792271137
362 673 651995.0255196888
456 362 520097.4054888601
456 673 612627.1608888638
291 209 90947.74675369522
291 673 336695.0046965431
553 291 976782.5320130717
553 75 731557.2620554721
291 75 837020.503825263
490 553 699866.552835462
385 532 504014.8743681484
385 114 666445.7629419793
385 223 469071.6743738879
66 42 291274.5252792499
42 510 906294.3993907666
42 499 742517.5584350242
42 114 287495.1955830337
66 114 941856.4971775007
213 42 52558.703570889986
42 551 671653.0258903892
627 28 545460.1714410855
627 167 394728.8091468285
33 162 792130.0454336716
162 62 309104.12355743366
28 162 59880.98449188539
162 496 277745.26748652075
679 48 109554.1356751275
48 675 380267.49826770445
27 603 884329.2908654519
603 135 476460.06786900916
603 233 489085.0137388384
233 135 397331.0850043402
603 456 614863.5432536473
557 85 876059.5447081728
557 524 14571.146145543335
288 557 459800.8923506115
557 343 745907.315937743
557 338 976219.7457336237
335 288 570160.1028221946
335 135 158737.8622233043
233 335 599489.7653676508
335 557 968346.3207125606
335 85 133937.8796953298
85 652 590777.4892406774
652 84 484981.44511100726
110 480 15894.931439370152
480 624 955279.555983227
230 480 293307.219678333
480 195 130283.98080575877
480 608 204035.42427562815
480 137 467048.28698272706
647 539 779281.541276482
539 98 85011.91741050029
312 539 550157.3732274065
74 539 552746.3088403874
676 336 835213.775932046
336 185 165645.01529518937
336 419 504171.8393870345
336 694 469180.2357465107
157 441 892128.2849852405
441 358 355097.39914037875
441 590 183795.41947070765
590 358 771399.3290829773
350 533 114246.93260774044
533 217 846694.7634426989
455 533 931619.2780247529
533 639 968469.9204915878
533 153 521442.8329019448
163 346 453490.72816561395
346 64 566431.8510903625
131 583 992337.1351125928
583 189 418005.65947854985
583 163 10567.523330936912
131 163 77582.85535344412
582 129 858736.670884951
129 268 301596.21977892227
129 131 537848.5301800602
129 372 40352.9441115994
131 372 286881.4412162609
526 544 805929.4646294375
544 468 363480.9143869795
544 445 957830.7624019008
210 526 521088.11989627534
210 120 984065.5839367566
426 210 219912.06209603942
210 544 692846.5778508503
210 218 297525.3003515268
210 449 901968.7751807874
445 210 453307.43349715194
570 672 173967.43243810997
672 229 930194.7934074004
617 672 422475.87588053884
672 238 458748.8258684321
672 529 810178.9003274121
570 529 333560.5024890004
594 599 566571.2479051659
594 487 654103.7099618699
599 487 477361.4523085318
594 277 836101.3050502761
592 172 913195.5313249299
592 487 879592.516596086
172 487 893561.9928134357
592 100 264388.35124413075
599 592 280206.52710852347
323 592 780356.5490623553
323 599 892197.0261762943
592 287 655690.943259459
323 686 329642.40079903905
686 604 183232.2452104519
529 686 52863.22244393038
686 16 146908.73016437734
686 599 764857.6284316663
570 686 858410.2866453535
476 112 847092.6240068594
476 402 620869.3995601664
476 644 653551.2443169196
476 190 362787.8975001425
476 242 772809.0298767249
665 36 424236.17603287066
665 558 652543.8144061494
665 507 832489.2393437495
665 54 821368.0061337844
251 665 952135.8576296768
280 245 686310.4296336198
245 160 724818.7689187042
245 584 689882.0150412321
680 280 59800.34548535751
680 241 523679.00713950145
133 680 106036.06095878937
133 241 738324.9607261063
695 479 19338.47232312158
479 407 256077.28374813232
133 479 215982.04282420274
625 479 119852.59507935552
479 375 771470.8637847797
479 241 126830.76514780844
330 41 743528.9383727786
330 252 727442.9432567059
330 329 841098.6935205425
277 638 984742.6884030761
638 342 877282.4697409994
638 609 118701.73703246612
594 638 136602.3354637087
594 609 521407.77171594446
236 6 934869.4958378329
236 90 114675.78260875455
236 34 262477.0696308638
113 236 933651.9772328825
406 236 870215.183410103
688 469 353700.83075367555
688 406 252070.7579146364
469 406 511363.5464518872
469 236 304938.4118493448
34 469 902384.6903640494
469 588 811922.468405883
398 17 322702.2891255612
17 514 9708.139785922222
451 17 969128.2194119004
451 398 362771.3403669888
17 532 874897.7575065815
17 619 751928.329327698
17 361 705676.8131484063
139 406 394695.723994963
139 509 305984.2489104364
139 688 938000.6954508536
552 139 536445.4946509289
139 82 407935.8901830893
354 139 923036.398642407
688 482 509778.1726403262
139 482 347057.5547720649
139 69 15744.719284625175
69 482 873391.6602719957
69 354 453879.36253721296
69 361 89049.22751424382
17 69 530893.8955053798
663 421 719108.7608417363
421 33 940715.8367194083
421 167 164009.7313024661
421 115 40534.790930464085
467 421 594622.2243569571
421 204 598104.3668534887
319 693 584310.216880913
319 664 81384.57731283687
693 664 619359.635355681
693 167 714684.6266670418
319 167 423009.024977519
319 627 390784.2397523634
431 521 291161.6259715206
431 452 767361.0336095128
478 431 192974.626765944
431 108 308938.16437105404
166 409 159303.40101881156
166 550 297301.37441726023
166 29 781052.3189507608
166 214 873901.7412444155
151 166 653137.2780058807
166 610 467365.12763528846
77 138 880280.0752842481
77 67 33202.37679301363
77 485 322074.75583602465
123 77 458846.1912253781
77 506 654005.0894424218
488 530 205976.24129370463
530 156 883543.3258620385
530 642 332755.937846766
530 105 480208.80785386823
662 591 89076.59388849609
591 285 923699.8056074508
642 591 550232.3553065781
530 591 826634.5417232276
591 616 444709.9965711795
633 508 58443.56947767182
508 225 668896.1370483855
508 321 544436.8285276189
508 224 892313.5741149705
508 178 761976.0986611497
508 269 295636.287143443
87 370 272468.61890705297
87 488 223349.7187514052
659 87 388098.03438828903
87 368 744474.4176605726
567 563 985892.7803114343
567 355 915808.0811291127
567 171 83870.46837098611
2 466 723367.1839780336
2 399 339734.0055651554
466 399 427876.86570201424
685 614 271547.4665554831
685 318 955741.0919701612
685 466 351404.4937849504
399 685 597693.766327477
428 179 529237.1329814167
179 355 367019.2482474318
45 179 452075.57261730894
314 237 573652.3581122454
314 141 85860.3885054916
314 45 183305.1154695582
466 314 496885.3851306513
314 179 482189.0224473825
362 290 430877.35550927365
290 66 240107.69771620544
290 114 243513.52453699327
290 385 840346.4111396628
47 379 329706.49223885575
47 673 98753.18145107848
379 673 173607.08911534006
291 677 357027.9311095456
677 209 411697.6355500965
553 677 104134.52670210444
677 490 69624.33395025558
677 223 224237.02672121028
385 677 3229.278685975556
239 648 364318.92552466295
239 464 963317.0657341094
648 464 819516.1544047535
94 511 696984.5172872525
94 267 248123.92339075118
94 648 641179.3300413089
648 511 321562.4025462465
496 216 950472.150581441
216 317 887622.6228892521
162 216 594613.8381996519
48 61 521380.7645238655
61 675 736256.6308919567
415 61 237843.77403910106
61 305 216615.2517362434
472 61 45759.42495875396
61 474 255261.09151642674
501 652 74818.16682218823
501 293 459804.40178413084
652 293 682935.6035495973
501 84 585600.8266388144
501 198 430370.1639333441
501 497 154256.0901828567
143 335 332520.82361805346
143 233 387147.239747221
143 293 791144.9232881757
652 143 904576.1167203928
143 85 178957.47866836507
92 336 717740.2145135233
92 676 214721.5075612755
92 98 26544.328381430503
539 92 137158.6867067398
92 74 362204.7499466866
259 601 944625.6348582238
259 694 902464.0488687672
259 231 985400.1613264007
259 411 550611.4714504344
259 74 212522.99386077377
441 593 392114.7393318336
441 211 655612.3942102649
593 211 474159.155148666
593 157 603940.4323302753
593 483 484909.020063064
228 337 956711.3019632237
228 88 909751.0159969162
590 228 452844.46555038117
590 88 89476.80332805341
228 211 826753.9791521822
228 292 918583.0608055628
228 441 303100.427894296
228 246 381339.31102955557
427 586 351052.8650809779
427 358 56376.44839128053
590 427 638037.4393627965
35 427 999665.4323521125
427 88 61172.44926090226
131 561 437016.8093812621
561 163 901025.8297763794
561 346 831915.9712365766
561 372 414804.8752706061
561 64 227539.09114292669
189 14 846271.1215146398
14 153 17435.634583544244
583 14 497820.9202557875
14 453 102014.50261993261
14 196 343282.1123596307
14 76 701225.9207325295
38 464 487775.64020466
38 679 125019.33021460853
464 679 749301.5829985935
38 239 290122.8798884459
38 696 375703.15017464274
38 587 142488.6608415621
239 587 970652.0469422855
609 542 76227.5135250846
542 172 384093.20971392794
594 542 464239.6253334665
542 487 883224.973644281
302 245 685240.9578609403
302 280 81613.07166091591
680 302 162962.50082913376
245 96 317612.1326539085
96 584 792359.1829520959
96 680 528956.3282022392
96 133 843920.2750501983
302 96 702658.170216077
96 186 73208.90611523356
548 564 338043.50301770703
548 329 87866.84288922275
330 548 913585.408459402
119 548 62319.449832260456
548 442 207481.66899989516
548 136 323387.73753291747
548 257 712484.3483035761
118 688 522242.41912106203
118 482 340669.11406973365
118 469 564186.6032276137
118 588 352573.7862030889
118 493 3905.080915327486
118 451 803501.3936939824
118 398 484307.36373164563
182 118 524987.0652735239
69 573 415877.56270467956
573 482 515072.4088526231
573 118 418474.2889942038
573 451 504226.703826241
573 17 974184.0125822788
341 447 457520.02337185614
341 204 596630.0576186556
447 204 212033.54493892347
421 447 990791.1589832982
447 167 469888.85380037513
447 693 434694.7766764444
341 693 323096.8350028659
698 603 215418.05139373182
698 27 667251.1460317932
698 456 315649.00610018795
698 673 890639.1772280157
698 47 837808.5070162554
432 27 859206.5520670776
432 305 637001.197349443
464 569 453436.64106262795
569 679 734309.6078438753
569 48 192252.4944934828
569 61 646317.002896386
569 305 669535.9154314193
569 432 873143.8780768802
610 494 371053.95976136136
494 324 422301.09473054967
395 494 817598.5865399615
395 610 915004.0388917748
494 341 65748.49302093445
395 341 407408.24527777574
494 204 814779.8443157927
341 286 280840.98259587056
286 693 873670.687244685
395 286 798873.0384184734
78 395 719305.7097508216
78 610 119741.40409670942
78 291 37671.47731483134
78 664 191125.97152678436
291 664 730913.2423263054
78 286 684427.955936457
78 75 555808.5167737751
693 78 382003.68993205024
296 591 924419.5157788944
296 530 257887.6822662065
296 105 206879.45021924793
296 332 780751.9933196129
232 296 688398.0767354944
296 234 797854.7054805157
261 399 226963.31301993545
261 405 446627.14479786204
261 2 77012.63454033846
466 261 152881.39192986084
314 258 113057.5492592949
258 179 838096.6655730002
258 567 230908.42313975567
258 355 905619.8454327778
171 258 209430.0270751247
258 579 286335.68391238485
258 466 567212.7237102987
177 362 853535.9753538505
177 209 193836.09603748776
177 290 180584.30192815844
677 177 485840.85149462
177 385 246732.96762052577
492 379 560013.7805511999
492 47 435495.41041551164
516 492 591819.5010626318
516 47 391272.21801316715
492 319 751954.4869549868
492 664 145196.9561077032
291 492 715975.9163633931
492 673 36093.23548664911
648 327 994000.7259048785
327 511 536524.9833664917
327 239 16802.587571126183
327 587 138033.2873209288
648 325 65494.582181193306
325 464 582432.0953612411
325 627 954016.8178575542
325 40 634159.3282721061
627 40 730470.2505494078
317 175 787726.1093538284
175 630 794626.3997535786
216 175 262190.98840123747
259 201 470321.61995507084
201 74 920787.4220113846
201 92 377099.6689681619
201 336 811427.1279216934
201 694 414667.80806141224
427 5 878377.2106641948
5 586 804047.2195234263
533 5 622254.7062565974
5 217 359500.2130460241
5 35 372905.2832470097
5 455 141343.15968287946
353 14 980256.3301831351
353 583 364065.18977647804
235 353 759018.1362959959
353 423 401299.36376642773
353 453 937353.9609242287
353 163 2330.649683452868
353 674 849464.991795973
266 330 645165.5548267397
266 252 108436.36061217754
266 548 566267.7638279985
266 671 428553.6132205656
136 266 963781.3886003983
319 495 94910.11517204628
495 627 583149.5592259922
495 40 456415.7093534014
495 516 717784.3818165848
516 40 487.09395503654383
492 495 89681.98550196183
124 698 32972.78086195154
124 27 280672.35558650363
569 124 441544.3504410157
124 432 144358.2572187745
562 124 704587.4621307588
562 316 477316.53847968794
124 316 880541.1854519368
562 698 331931.6199408512
562 516 413030.42444576556
562 47 756592.1909443432
248 569 573431.9110615166
248 464 756882.5044753139
248 40 608079.5056665852
464 40 581007.7876492066
124 248 932688.2718237836
248 316 920622.0128035395
516 248 563429.6695399045
248 562 384717.0577336085
591 382 147291.17178776686
382 616 491449.5705745722
296 382 239320.89397701062
382 234 637637.5667048555
464 571 914711.2989966628
571 40 473470.8572666163
571 325 496033.4953339925
11 325 135620.59609082266
11 648 152286.58558456786
627 11 746074.5052040637
11 28 761396.2753644526
520 267 865813.5829712197
520 630 41557.12691651969
175 520 894022.4134322212
520 94 927211.8588013339
520 216 104117.9822041769
216 94 425287.16540672263
432 387 333867.81380967837
387 27 336623.03141547355
387 124 398708.52511976927
565 11 196997.67166962122
565 648 436801.46957392764
565 162 871415.3000208838
565 28 982259.4403044888
94 121 299483.5323835796
121 648 176403.89121310474
121 565 349542.6056574036
216 121 472653.50459480303
121 162 512067.9222523542
