200 584
0 973521.7656051432 958734.6332842099
1 601045.8741616359 447895.3665998246
2 9619.437857762536 567040.378871837
3 667358.0072421037 922749.0469629877
4 737536.1743784837 78462.46889339447
5 644558.1649600184 629999.3120933943
6 496561.7408480686 387480.11549311224
7 81628.71433061924 18252.45265700237
8 340388.3625915273 826854.3419249898
9 611163.9851651497 480822.88436421606
10 845398.9969038578 628721.7797129025
11 894504.9737179135 935975.8076236442
12 434682.3401766167 459045.75900134846
13 876446.6772547134 845440.2083796567
14 966902.7122307555 550577.2128862825
15 302908.9053113837 232881.2201877649
16 849031.7658574664 523968.1121024593
17 472489.60537798126 115051.58858871978
18 108824.61975524593 621395.4139745852
19 738770.3854965848 418403.0339055963
20 375277.48198753473 820584.3039468043
21 120084.73886012772 509838.6684232572
22 107096.02565775534 931428.2909873235
23 106461.38302465303 609344.7020943465
24 951414.0488121966 814334.4855366333
25 32242.210067583877 682849.3839001455
26 877066.8747402742 734285.5586246639
27 245279.87120577076 901668.5425649873
28 38144.464153446635 441335.42432828585
29 726772.975853461 368984.80375247024
30 555431.1603604758 181758.61753506618
31 616211.181189645 970346.9625516793
32 187500.75909861474 965288.8438161676
33 285571.91005793016 15433.326801742698
34 511011.762134151 348280.71583375375
35 40503.91257509167 856745.7128209461
36 298512.65827664256 483994.83206148277
37 608058.6819091686 681293.8088893262
38 273633.66258666845 351795.2155433937
39 199632.1138261894 545084.2638309711
40 521024.6397791056 922699.0878373756
41 548357.4028283553 669483.0323703382
42 808223.5880846642 94925.13194598873
43 106767.01379154141 482571.66066693515
44 298624.9090210764 350219.43763224204
45 984057.1398813396 313353.1223721846
46 628637.7041574795 386390.47814049764
47 391283.2677167514 676900.4931467052
48 727407.8253346094 250456.27539374004
49 369991.9332542534 155064.63308006103
50 124328.1668827847 561892.0611813652
51 671746.6678416039 729645.0132235911
52 14399.69866120039 324253.2407579913
53 880345.4006071998 554607.4843341473
54 533163.3567775219 172888.2934017465
55 291358.29921377456 19370.28620622361
56 622987.9881916933 872859.3499547917
57 250767.96199185657 270940.4394775283
58 45085.942484093255 61787.864700515005
59 142063.7785568003 108999.35184323484
60 478734.5004470208 652362.278021908
61 363185.2728726183 733828.0138566631
62 350201.8016136609 258640.896947698
63 282602.0572162421 259746.5883170349
64 90776.05422718027 325398.1453936779
65 796456.8321506735 743854.4093325968
66 7694.643235542698 303001.3860322589
67 66199.0586435054 716906.3222100164
68 528465.7746930403 333818.5982527219
69 438318.9781646307 734942.0166202175
70 882376.5919184946 382526.3191599638
71 91775.96426064815 501977.037984727
72 181893.6530608959 781030.1334899035
73 136752.91657052303 550343.653290175
74 842510.843497935 488791.26863218757
75 58204.46354242481 235612.0724478845
76 457859.986999054 479730.30275887053
77 199677.66135384468 714882.8617365311
78 395849.2269986615 249409.56889297694
79 94581.08587946957 299970.7017207783
80 46058.91304405019 391799.8414183238
81 823765.4507158006 686813.4689586307
82 301328.1971149763 270096.610944393
83 240778.25432592558 824150.5326325352
84 813123.4075088892 768302.1350253747
85 945867.976802489 432853.74454200984
86 286532.99819875753 211831.20866809358
87 918884.9184590171 606241.1064966102
88 899793.1042594232 829500.5977884782
89 358795.2940370623 346254.79189865617
90 281079.1744892741 289906.1195020395
91 447872.410390058 995223.805163566
92 911547.5741992869 155743.13670975037
93 99619.39003094955 151698.73870074825
94 788310.4700421895 770253.5667957318
95 253592.86669637283 636590.726384568
96 247639.49345234327 931102.8342346936
97 419642.95230289927 289613.1660114847
98 168565.4183840226 794917.6195173843
99 615463.395411409 695580.8205970401
100 297607.67460475356 57279.87441124261
101 105122.6889980782 881891.4537619911
102 62536.813773786394 543869.6661040302
103 850000.0318998288 150061.81632544502
104 391620.7973536063 115309.91408326941
105 230206.39097058758 535272.969552357
106 966385.9130654321 646888.140883754
107 662686.8303913234 855087.012403172
108 414424.80313856987 252281.57538039188
109 678662.0029976203 775062.6582545483
110 276037.8650925517 580846.7656246335
111 441545.9087011752 898126.5518211818
112 27973.426331152852 153319.05157258018
113 873447.9002251863 937466.6704875287
114 258549.7790816692 318669.38091064413
115 246140.83001523622 337368.61609209987
116 955231.4898691704 671237.7859517937
117 169073.2876135912 721820.5732648174
118 523115.4982928686 46085.774996169836
119 150286.6810860679 640622.95041475
120 14470.449589373158 630187.1269645332
121 870515.3687210267 803703.8917119973
122 328346.27348241117 938886.249511694
123 841750.9168965401 951000.5298564719
124 733231.7297720028 990164.7878255907
125 970313.1259059305 774164.0610325101
126 618392.0646390222 397326.48263188463
127 606995.8077394257 59048.97797246933
128 962473.676470608 958379.9965514973
129 25432.53078793073 985613.6385120314
130 179819.79476725552 100842.50861825561
131 272436.3108774355 553129.4857530793
132 443570.2729016344 748973.6066556621
133 427635.29188780946 486706.83722087316
134 920570.3417225368 801199.0880845487
135 271372.6908400743 809773.3181439108
136 100431.20899665159 219013.3705506082
137 64438.51598688633 170523.0317489428
138 30982.482517402765 234902.6323280725
139 481183.8502647313 267796.5382572267
140 136562.52242229405 121869.47292217554
141 877209.996505136 250966.0135795514
142 645701.8729604601 420087.0046441564
143 741080.4663390274 369912.007579564
144 304705.5219674727 541169.5236337887
145 930024.9365982838 938396.0938431909
146 4585.576269152569 568332.3766610377
147 980102.0405163906 182179.77835362853
148 648121.4330232041 857185.3770850669
149 722083.6966267804 399130.69203318265
150 707822.7757280914 734287.8872425399
151 378242.45299703086 416562.5732269793
152 238972.28211181654 976524.4538785872
153 576172.2975946302 128527.07478075898
154 120726.77012686084 950276.9685381502
155 431323.84472693596 751654.036804848
156 531166.4569830804 644750.1455188453
157 987758.9931736543 139063.2527090895
158 73217.90456713251 703902.5630775602
159 566806.4504553858 939808.463824903
160 571918.5841684842 131449.5953571857
161 917813.7889001397 306993.28154216177
162 845093.4573103538 750399.6556144559
163 809256.8523733984 995963.3270477746
164 219421.5735080337 301733.88176392316
165 11981.120387800747 902968.5848785968
166 802283.8144235017 238207.2786279461
167 412175.4120962119 315644.13791756396
168 453510.00724164204 682933.4918126685
169 672980.3001440548 937739.8083274602
170 900707.1275292193 582719.6384461127
171 511884.39119478205 954721.8374630467
172 619371.6877770392 279504.7957466077
173 670603.0644777578 288607.64429435116
174 612257.1896072257 441227.81766004616
175 232748.31646680084 404617.19075376
176 884129.6359366631 278834.2228744055
177 437262.838665905 345177.20386758767
178 997608.2358856957 113008.22643231023
179 101914.84502118886 17574.079011599242
180 337771.8143421395 699599.7149394456
181 679907.9067671782 805169.9127221107
182 163127.8154876741 671220.4200142104
183 612370.475832003 802984.4524502885
184 489322.9080193866 474171.38702278794
185 52881.735808942285 832685.5070165102
186 494818.5633835607 310340.3909911089
187 750571.0672548224 671649.0123972759
188 996662.2635544775 838646.602742981
189 49818.62471866227 763412.004364184
190 918674.9488144976 819069.9902562855
191 167279.14610579575 403186.8861138627
192 692671.1464539707 856625.909272862
193 120566.10716159178 232231.96374483602
194 101437.64085910878 318310.010467209
195 317798.49658537796 9260.391649454468
196 817717.707654271 426511.8239913915
197 215127.9480956615 436502.32130359
198 309093.0391700479 963392.9652361224
199 267651.87094497867 905417.702626948
104 195 440220.1434870322
104 118 467440.85926314304
195 118 165046.28647900056
152 91 577336.3575179444
152 129 915684.2588034531
91 129 668393.7630866397
45 147 572033.2053258144
45 178 162463.73810210224
147 178 129172.91673557118
161 45 887093.7916277045
161 70 149822.0947476041
45 70 992759.4175196618
161 147 343958.1640873346
4 195 77116.31799468599
4 178 641664.8666832099
195 178 398857.2258357189
196 143 412268.5963279399
196 70 454567.017541886
143 70 863525.6805377749
179 58 456512.01100897434
179 7 221396.78976826716
58 7 6267.768562519427
195 179 700840.438215451
195 7 706803.1981765522
104 100 719421.8175090969
100 195 513765.06473942794
91 122 158168.2349571042
91 111 302865.91514550906
122 111 6500.138747693174
132 40 22422.40408483065
132 111 848286.7482515939
40 111 862178.4249095744
40 183 133676.02031634917
132 183 962416.7984580703
45 85 435994.8656352359
85 70 963375.4277056708
14 85 637096.4010253596
14 45 270079.2779319685
157 92 74760.38372137572
157 178 541247.6881378936
92 178 819093.8479039686
147 157 86731.48922264074
147 92 417448.22093374
113 123 349963.0391470662
113 13 456295.56512031786
123 13 580452.0766441828
19 143 297982.70311223884
19 196 569579.2282691237
142 19 690674.7583561479
142 9 277777.6048513383
19 9 855393.3167941701
108 139 684476.9268974605
108 97 206516.86977504735
139 97 317675.89668805397
100 86 509808.3431332725
100 130 400693.44317818
86 130 830454.3095473383
86 193 976764.1934748415
193 130 739642.4074143202
179 33 435385.39990581514
179 130 254159.44276800018
33 130 546054.8556942148
33 100 279791.04530308273
33 195 71382.25814315579
171 31 138636.37768775906
171 91 426322.8776935055
31 91 643480.2468873549
171 111 313043.5859316442
40 171 103063.51570809247
56 40 882154.0784899185
56 183 60350.86304749093
152 198 442226.99777105043
198 91 143342.0536845208
198 122 645483.1801148471
28 2 501275.1841651324
28 146 347208.470408043
2 146 802233.0748701
44 36 17676.26107251641
44 175 628731.3272258757
36 175 555688.487316288
155 132 548417.6811750862
155 111 416335.643748638
19 5 344910.1427059905
5 9 794825.9838775316
132 41 208842.69203782157
41 183 639109.7983869932
41 5 545702.7255214729
41 37 690539.8175323189
5 37 591636.6077349931
41 99 986851.532786881
99 183 811214.827178805
99 37 548527.2266706929
5 99 261860.74639059042
53 85 98010.27091543701
53 14 376058.6748106828
170 53 605436.4768513218
170 14 191758.13995489964
147 141 765657.3160492426
141 92 872039.0338635579
161 141 826697.141627095
141 103 819329.5653684712
103 92 559386.3522925411
103 166 12302.727091921706
141 166 805444.1387169056
166 48 676379.2138853753
166 4 196109.79753373025
48 4 712184.5480052836
48 143 659472.6109832493
166 143 793442.8169072297
139 186 935108.5021979763
186 97 609629.1156025877
186 68 831616.4139801214
139 68 72023.303643318
195 127 864607.5020987269
127 118 24868.948001549263
4 127 602647.5273268032
17 104 777744.2919514875
17 118 987672.1961592173
11 113 319683.50058571657
11 13 477314.4455289585
145 11 212903.3627015423
145 13 778015.9086612888
123 11 867828.9917341436
123 163 110769.14148579708
11 163 646088.3266309872
145 188 845389.7672448927
145 0 181478.40739147313
188 0 789812.3023637237
188 45 214582.5364815107
188 178 816759.3126114021
106 188 633114.9345722543
106 125 441775.99139477516
188 125 947359.128293549
188 14 711153.4903485829
106 14 527287.4916522232
128 0 429913.98217010836
128 163 628967.1260905922
0 163 233385.61063987817
128 145 431567.53374671674
11 128 431725.5147188706
46 172 530843.1150965034
46 173 537090.6655492651
172 173 764027.2992011807
172 68 56264.62267495347
46 68 518232.1195385432
172 48 609652.4468731413
48 173 330457.5903724858
139 172 179351.3153420614
172 30 809343.4699096071
139 30 934374.0597691771
29 46 805872.0591233592
29 173 718453.8043762526
48 29 691177.4096064516
29 143 809006.7062842258
46 126 168486.17088746044
126 68 185176.71259703572
126 142 636422.6416034962
46 142 953704.6850920579
75 79 807198.8861133612
75 66 461593.0803287337
79 66 517504.2008856171
79 193 154053.07248601207
75 193 505968.6498358002
93 112 142266.40640032294
93 58 337185.4181103845
112 58 144032.26558066596
112 137 64061.19607027172
93 137 371407.92422015377
17 49 48785.85934394952
49 104 652998.2748509481
49 108 582182.711922329
17 108 911277.4017762376
49 100 997781.2926031769
49 86 70546.22837467417
44 82 280309.01596283267
44 89 601065.8769806057
82 89 510636.4069150713
100 55 452523.09589949035
55 195 806274.2049663884
55 33 227839.4914168592
171 159 4789.480468308516
159 31 328118.32811826223
159 40 88624.90255139333
159 56 506889.678270119
56 31 674562.3319020668
181 148 358943.4831041273
181 183 914252.9254971514
148 183 814675.9961903847
148 56 741567.5195409864
165 22 743179.628040819
165 129 36321.54574011725
22 129 310521.1811574837
101 22 8906.136246270013
101 165 528420.3516113383
102 2 778410.4812675575
102 28 85816.1077695736
44 151 124952.39964522453
151 36 435551.4892941197
151 89 193680.81801159953
168 41 821481.419419765
168 132 463403.2943955209
53 74 265035.83459219337
74 85 937161.1518835743
74 196 394638.9434387617
74 70 542839.0791675408
74 19 698798.5882015663
87 170 451167.4523341892
87 14 851911.133999474
106 87 488961.7452096628
176 161 114570.2454134182
176 70 519473.9346414866
176 141 546544.9255730781
176 166 840102.2508951377
143 176 861701.8034830494
42 166 516484.0974449828
42 4 297340.50530116074
42 103 356965.751038438
42 178 93784.9450764796
92 42 217811.18697905034
48 153 775973.1568193539
153 4 214698.92861724517
153 127 418741.5382829626
153 172 385956.3799380391
153 30 312509.99192132964
153 118 779608.9772199066
133 144 684628.1303530764
133 36 993873.2202997915
144 36 322777.3251618348
151 133 509037.02290804597
133 12 802666.3176047453
151 12 791260.2403978735
144 47 216834.7377766563
133 47 305326.3062115421
184 12 777418.5236568399
184 6 362502.55615737604
12 6 924073.745493701
34 186 39984.260751509624
34 68 618309.0035929562
126 34 147250.66265198606
34 6 198998.2898155148
126 6 540637.2626458551
139 54 318118.9078336738
54 30 329095.72159717506
54 108 722336.4096747484
17 54 30557.436378473634
124 123 277184.1294318047
124 163 865803.9392934176
169 124 96047.72810116957
169 31 872319.8493430236
124 31 220297.20817212685
91 124 427574.8788792464
91 163 567395.8303969067
123 192 457623.1546273481
192 13 776382.7646359764
192 94 129963.73006426076
94 13 875252.5233702342
124 192 799809.6840161518
192 169 755613.2802736803
94 181 44867.93721139937
192 181 893915.038443904
19 149 257527.99491907874
149 143 537190.7940470644
149 29 914518.1190397837
149 142 693341.1373436754
46 149 556607.6939166961
126 1 632085.7018224647
1 6 231788.3981285398
184 1 735987.1761777407
184 9 168820.3855485818
1 9 788366.1216565378
79 52 916881.3318903529
52 66 14731.578234646104
52 80 33611.90789337776
52 28 573245.8142062972
80 28 511870.3847809559
66 146 75211.12509794814
52 146 239402.06588866786
75 136 656769.0185758142
136 193 298652.3873201107
136 137 753535.2796980371
75 137 742796.6825257405
136 93 965714.9530505378
93 193 17560.477553514753
138 112 101746.88319720504
138 137 304342.1725745503
75 138 280682.433630866
112 66 684517.5195327165
138 66 674349.6554988625
193 140 495604.517000458
140 130 929236.8577901404
93 140 640569.3079386769
140 58 909270.5424634201
82 62 547498.3264553122
62 89 148687.64975691296
167 62 543172.4733002145
167 97 943791.8606702102
62 97 595888.2586612144
167 89 620351.012516725
164 79 611458.1197967944
164 193 111287.34515906913
79 194 383231.64017064945
164 194 462312.57801764115
164 191 327273.1124277436
191 194 206347.73069112832
148 3 304559.56200781156
3 56 633788.7014430782
3 31 156436.65766264702
3 169 984660.0157636259
3 192 522636.60716122296
35 101 15516.398064674418
35 165 548997.7268048534
35 185 795885.5653490748
185 101 709236.8049325102
35 189 137705.74219664722
165 189 271958.36783330597
185 189 124885.85643156446
22 154 333957.235539729
154 129 932898.5478976897
154 101 854529.4386543276
110 144 244519.9345183201
110 47 677045.1495409213
95 180 674847.714848741
95 77 970526.7910827695
180 77 780503.6114254758
180 110 116708.92977153757
180 47 480123.75611707283
110 95 464955.755514294
39 110 685903.577459291
39 95 654561.7420147348
185 98 372332.4168684399
98 101 842686.1734811773
98 189 601255.4518380766
71 102 25702.94088784342
71 28 135640.77275644927
102 21 918884.1169013843
71 21 432359.1770162838
177 34 184312.92778380038
177 6 606629.6446196368
12 177 960808.0610302037
151 177 668306.9741940969
167 177 863643.9988364427
177 89 649363.4077738537
177 186 281212.93496170896
177 97 739749.272153498
155 69 163745.89067849133
69 132 524892.126532099
69 168 823118.9224076336
168 47 180162.14602242399
69 47 132778.60695717935
162 65 440851.1715958572
162 81 835393.0737699134
65 81 636717.0547202746
150 65 392062.1829300971
150 94 570353.4970443986
65 94 353251.96879864985
134 26 322499.1791788262
134 125 132594.8322377578
26 125 211165.61384762378
26 162 509688.4123230617
26 81 145935.123313076
26 121 12077.316432742347
121 162 278195.9942085478
121 134 741891.6549704953
65 187 115073.14131039714
187 81 192644.621943598
187 150 87164.81613456961
51 99 526990.437147955
51 5 659013.8022185122
187 51 952923.3130309321
187 5 967140.4090378557
51 150 97849.40515510776
51 183 41908.39174378169
76 133 182141.29864160778
76 12 508889.1844469298
184 76 541997.4993971005
160 54 260696.6630321348
160 17 378474.9402024524
160 118 267397.95200049435
153 160 121761.50421463128
160 30 919152.919164996
88 145 435690.8762507982
88 13 511893.16178345133
88 190 573734.76823304
190 145 489622.0922918054
121 88 966436.3098912565
121 13 734755.3609807611
190 134 577376.8729165071
88 134 891881.2317011484
24 188 182341.54664364055
24 145 42557.326008415665
190 24 919728.8435147068
24 125 594777.1591499
24 134 565430.7930525781
174 126 561591.8580718156
174 142 473515.47515661066
174 1 876000.8908216296
174 9 537114.9086236105
191 64 868679.5951083242
64 194 336046.1182048836
64 80 783932.436110269
191 80 243268.51039610198
52 64 93350.49830003483
64 79 768185.8779683638
59 179 966972.5971202743
59 130 595399.3458326701
140 59 683543.3712459563
59 58 778368.0303197625
78 49 711172.7544584342
78 108 27396.526166064028
78 62 58868.142070550464
62 49 564685.0741418677
78 97 467203.10976398626
49 15 734914.2973285676
15 86 325450.7400227857
62 15 16140.050153952257
15 82 615388.7367484282
15 63 211076.84375274903
63 86 580641.6388843845
63 82 335164.8668705651
107 3 925434.8282935327
107 148 536426.281021132
107 192 906444.9387701681
107 181 213979.0540142158
98 27 539286.470614573
27 101 190877.49224162765
27 83 208614.7222739494
98 83 104581.17654795207
67 158 285029.3601083124
67 117 602146.2931224244
158 117 957280.957605554
67 98 619334.1378024401
67 189 993314.8387255238
98 117 435397.59476216446
39 105 913759.0400995895
105 110 687276.3763627076
197 39 661274.8284698576
197 21 742710.909073301
39 21 649901.6616419818
197 105 192775.14713648002
197 191 545331.4139321223
197 175 915853.1584279784
191 175 736106.0548091296
36 197 349117.4017647838
105 36 706330.6637685859
98 72 601262.1464611901
72 83 57808.678802414695
72 117 420697.97755797947
72 77 117831.18196880294
117 77 128339.30000436588
20 155 704166.784855999
20 111 38716.468083123014
122 20 419572.8223727462
8 20 160689.736957505
8 122 568310.2356557508
61 20 513913.0231717413
61 8 833150.6995691198
61 155 271532.1930845004
61 180 97150.21019670722
61 47 566167.168609982
69 61 601435.6386077424
71 43 429084.27838068374
43 21 947279.1502755868
43 197 986036.565912361
43 191 63068.50715977652
43 28 200174.40986282687
80 43 529040.1776359066
121 84 293420.7308285689
84 162 289507.6834539581
65 84 688201.720448359
84 94 133535.07782817763
84 13 705469.5784159726
116 87 435836.73832373717
116 106 677248.3964792724
116 125 350140.48499028163
26 116 635137.12486412
16 74 45071.10123004765
16 53 959552.5588475046
16 187 339645.24725231394
16 5 812989.211684531
16 19 171463.06570655367
109 181 361790.3829047371
109 183 820691.4991057172
51 109 901811.4622613977
109 150 610082.834636309
109 94 666859.8882041073
76 60 818142.6557058117
60 133 999018.1476511257
60 168 808331.1057694849
60 47 221616.41344095638
60 41 140546.37410457793
60 184 968960.3474865851
90 82 687032.4819331135
90 44 583391.8940087972
114 90 778400.6357084784
114 44 903253.0811883829
90 63 345350.2046710742
38 44 606236.0245596413
38 175 984802.1519849513
38 114 640373.4346869135
32 154 554239.8792003819
32 101 135462.39243068526
27 32 662750.8519617424
32 152 803428.0486061026
32 129 868332.6553908376
198 199 253345.0650708583
199 122 450966.23105465947
199 8 687412.288598748
199 27 325847.45372232905
199 83 597994.2983740965
2 120 32749.256335804945
120 146 380484.03432222136
120 165 270549.0795374358
165 146 94259.49432328118
102 120 299168.12194258044
23 120 84388.66086385777
23 102 87454.29646828484
39 73 607098.3253778997
73 21 530430.1447380825
119 39 706482.8084109625
119 95 55561.784970017514
119 73 847144.3400290677
110 131 594141.7532287831
131 144 8718.7799252868
105 131 279998.1984856264
131 36 818209.0594236021
10 16 357814.9757231067
10 53 206013.71352872287
10 170 226528.95319532562
187 10 252308.2081323502
10 81 185469.81138252793
87 10 422287.8409725761
116 10 410333.11841470475
10 26 544000.9622523544
60 156 10419.852599021895
156 41 363100.53600127954
156 184 915437.8101075131
156 9 537325.0624071483
5 156 751908.2877383153
57 114 545709.6887194075
57 164 400438.92355719244
114 164 197768.34093907115
57 90 106979.40655164584
57 63 932245.0564178914
57 86 886459.1397239671
57 193 894674.3383007467
115 38 938728.9856053534
115 175 929274.6173758433
115 114 917158.8573130481
115 164 486144.90699298686
191 115 168768.28070847073
32 96 916911.5920663833
96 152 355494.4838863487
96 27 989309.0464834826
199 96 610050.9733768251
96 198 993502.5199222829
135 199 122763.32169349413
135 83 690432.6338238474
135 8 698602.2494766047
135 61 817502.2720212453
135 180 404366.496194227
135 77 15267.565509925475
135 72 828464.8793886236
67 25 537654.4523552317
25 158 664733.4054410437
25 189 33364.11566676611
165 25 313094.24883317616
120 25 205466.02091046417
182 95 364531.8210771107
182 77 328593.08135868434
182 119 45665.920212236146
117 182 131225.78796672047
158 182 269476.27133550675
119 158 440597.42098837526
50 119 584901.8089940402
50 23 978617.5887076629
119 23 727103.6800582603
50 73 303671.2504049629
50 102 954847.9950824155
50 21 671787.0547320371
18 119 137566.38336948634
18 158 225390.02815915708
18 23 24764.447901742038
25 18 953199.9478065415
18 120 88017.34171582776
