500 1482
0 122572.63423603005 36685.451723206475
1 918063.1911206115 506720.8180362729
2 910933.4353628996 641760.4438289873
3 174030.63115296734 800570.0387904145
4 583531.226487965 161609.8388560989
5 681266.0296501725 814131.4998382598
6 338604.69322542805 51360.426289394745
7 815568.202986542 517460.9753065572
8 253100.00303858437 521255.54370951554
9 956402.8816090738 288529.95732780517
10 838506.3211284517 192017.13779946027
11 666101.5605026868 802154.213198577
12 995320.9676861252 178305.07632037884
13 550500.8664123294 219519.7794794189
14 510053.281673813 645960.6496879588
15 555269.5554910112 797355.8936238284
16 431109.1386322622 883792.2989313237
17 675540.4035077487 830642.0669120066
18 146210.46553705318 873459.8451364352
19 166440.62772076184 415653.68631134304
20 549851.0748713708 845451.0367752132
21 452615.731838159 512515.7031656722
22 551228.0268969727 355334.77101833076
23 926850.4081492465 990289.7482482112
24 148588.94108653674 840878.8885772751
25 967083.9341072094 440142.60015375493
26 599138.9392147707 431813.86280822154
27 418202.1447083648 564576.2349156255
28 832288.2718825565 383875.3719318063
29 550306.300187333 752822.8032745244
30 340293.2218534637 656031.8734400127
31 646800.2316065951 665498.2775903214
32 8874.604340923908 14824.225482953258
33 238124.24000635557 306705.0258612689
34 222878.94149606835 83067.14165800711
35 39301.63082247873 866692.1525908879
36 175184.8423304021 329495.09014354204
37 649693.2206696856 378257.4761583719
38 21056.95144293951 138114.80834438605
39 462678.04952107096 191687.20142120664
40 222464.2069972147 972108.6679922179
41 146536.26319997504 790319.4183973381
42 58367.361051577696 901052.2021678288
43 481110.64576271013 984260.5292347049
44 35919.193011561656 763261.4149717771
45 661673.1313635095 780206.813937676
46 407186.20507849025 54695.08486676322
47 132730.66806686006 546491.5050907751
48 776103.0442506826 104556.6084852294
49 250753.95156734425 538555.7396228241
50 531941.6009019404 575358.0059250381
51 796491.3831436925 492235.69652171206
52 668306.0808212868 134035.86064031746
53 186478.5443757768 585287.8302050144
54 85649.53341813042 991537.5134225907
55 171638.55377885472 513730.4140843685
56 281561.7774369259 95315.80622249369
57 445606.3396953991 949994.6693491997
58 365984.5445609786 456235.9851481549
59 63262.04624092691 119166.94454726418
60 522090.7627470245 36786.532239364125
61 525607.5499164504 650275.7459941171
62 936327.7709704101 438145.82302459446
63 892473.5465655596 83733.4439754156
64 384408.7214126057 242124.97984613458
65 487545.37382052053 431908.1395515504
66 880592.0707563381 577556.8202727053
67 223759.1405085716 673389.6432782133
68 969533.8830750795 918380.7660524057
69 26443.96408852667 848329.6983672372
70 451374.04491127643 130882.29404939
71 834829.4471883574 433396.2863573918
72 664713.2514678009 206431.1485173257
73 21060.8838952544 284333.7752741277
74 168621.967130828 993251.2329496533
75 740306.8002244898 418198.0694806573
76 56124.25184391978 236104.98417508506
77 433121.7342374218 984002.8597412546
78 917807.8407659634 349015.07053477777
79 412295.9916957677 701583.8666790391
80 434691.41456703295 419037.0704345778
81 115904.64545345659 736082.5399885122
82 435783.4635413955 349524.4379047411
83 323833.4764142511 148980.93524531263
84 467241.0090198714 743454.0406310771
85 657874.6498102754 785167.2375440531
86 338845.57382743596 960411.8472919825
87 269935.2644998088 638112.0222650243
88 667520.0593814361 277004.1310322601
89 35404.65301468021 930248.4977265993
90 319423.2181826835 737177.1715621587
91 623959.0369155011 358978.10260152176
92 118540.98017091119 49848.282102759156
93 21163.0398152447 781746.6018995215
94 548668.6554870072 984950.665013498
95 136077.33010963906 723665.5272344698
96 105754.5172026102 747631.5039095444
97 734832.6040002855 264184.50884477876
98 623931.7907798152 244417.19493354476
99 751989.288038473 523621.2808134799
100 623716.1176806873 485685.411144815
101 71939.51690811406 252722.21945240747
102 646442.2819802087 989837.29690345
103 544721.3879828585 452946.4135312351
104 526665.2080833722 435723.22418494045
105 376046.7472819217 87647.70299637092
106 694777.3351815942 862230.5182581203
107 859140.5441704622 153507.1919967994
108 923242.3010185543 400499.80387654016
109 906820.7545647704 281948.77224414935
110 482333.6461642393 410592.76245009457
111 217037.95221933085 660365.7587571932
112 125995.59713594943 416136.960284344
113 229669.68522073506 281691.9924089827
114 824854.5849751587 876172.291579836
115 51263.565106740905 523349.336940248
116 614654.3581430885 90404.01538961429
117 484341.78525303985 382713.19804687245
118 168607.58715026648 440060.478200748
119 16705.13892668257 790050.8756264092
120 617295.1342395392 855043.1689777207
121 988181.5082492965 443607.3741654215
122 595053.3118848698 508547.9514256799
123 486033.8770551136 138236.16964939234
124 373260.6362982304 861990.2048427968
125 103966.64325864457 626207.1814197681
126 632806.5284617612 244244.52426437204
127 259681.05721697744 702123.2147143807
128 186540.87666270757 459613.96905516385
129 931552.45333057 108784.7505932823
130 495527.23299803294 530748.1784512623
131 986727.769831979 385941.2498349737
132 611921.1667943356 343680.4886610423
133 817394.4712972585 500225.5823282239
134 790938.5760761037 306317.07289201324
135 648835.1494569993 901190.8471835502
136 532295.4982021158 136472.51511612657
137 153950.98456333112 562014.6496817712
138 299137.205917934 185581.19572765296
139 480607.1170382471 496941.58701263525
140 551867.7494437242 930734.2084284422
141 93095.03146716114 249866.3199760156
142 996467.17205782 5602.373642252023
143 224851.76783914652 173058.23569393164
144 680600.7153299011 560170.8182223922
145 863068.7074832316 354528.0622736654
146 447884.03012345167 24416.822831598296
147 490026.097608381 679190.9730854431
148 388986.8786106725 110122.880210213
149 334185.0915062052 409194.0491413965
150 545879.6968067995 564971.7217487772
151 529362.7942013772 737955.5783635173
152 104893.57384490695 454060.13602584804
153 709690.7465707745 68185.48008771597
154 375797.039202172 365776.6774362341
155 663290.8906529063 470783.4623926409
156 660097.4417469208 508532.2279802787
157 658932.4508591777 545108.3343297574
158 431424.87316008436 696822.7450407377
159 623047.1944246975 121246.60577933799
160 802203.2924492038 479121.3642703086
161 697080.9457721753 948571.8204044041
162 518494.08075210254 662489.2465861156
163 498229.9460646475 41502.828129899695
164 300244.68858881184 847745.0818728468
165 970445.2812334509 212554.70900249385
166 829033.5050076259 130146.72903312885
167 312910.29455064354 613080.142652826
168 965542.7349348075 301662.60423562885
169 995001.8864182322 498723.55561264814
170 592190.566998162 579437.5255459788
171 702632.590506629 852057.5150764581
172 170377.27515603308 651463.8332927151
173 315418.46794548345 257281.13930261543
174 150266.14477646883 497532.2170721361
175 540882.7375155998 835033.8567801084
176 868788.4171536411 217997.22432796663
177 646720.1528763825 576936.4126254246
178 840156.4037425334 593133.9491215376
179 648296.9842763884 57665.70461460363
180 632039.9926604746 81137.16562412588
181 201106.97860919536 560284.4237121597
182 328814.72827966773 710682.6037831253
183 329784.6832802239 247640.4727658823
184 591199.5082426226 919080.995413953
185 708496.0835993412 762314.3287975091
186 781013.9408733166 488917.41496270656
187 859632.4170301676 765733.084437186
188 655029.0792066079 999662.1217029402
189 208235.39957302652 373855.2872790374
190 620588.2878355397 252962.16593578746
191 728661.9487030101 627247.6083393452
192 911386.9823095235 838144.6416185044
193 904472.6830341889 221402.3835376291
194 550446.1790562902 385408.856815121
195 994884.2835785481 740681.0844393541
196 735377.9877308696 488545.9429685597
197 776435.1881918301 814880.8570736481
198 331500.4350025026 856037.5085279645
199 103368.71287283544 256073.03375912015
200 102943.77437680458 552570.4169865464
201 542398.7104289575 2691.480442252092
202 480693.86072591535 273652.42827959545
203 764906.101515895 358101.50868660683
204 790620.9115092509 369729.5336623188
205 325289.88547072036 776931.5545816877
206 846383.5239094658 318384.4854355309
207 191912.61938702274 330579.58321773465
208 387479.2154186407 951758.8733728328
209 925660.3056430466 385589.6714348257
210 582806.1673825014 319649.72509172885
211 718937.0590263745 520804.02125735115
212 628103.2830147962 108546.69407706219
213 588704.2694756809 476825.77100278356
214 894168.3607901188 504037.67378504307
215 303617.9408187728 586736.6670988904
216 839264.9954108575 816196.6906978892
217 411324.7099615972 669359.3034735273
218 119260.06160640634 884039.8261249379
219 962910.7442316674 974720.88995478
220 108619.80673812988 597240.2437265918
221 601741.4639513354 146691.8743634107
222 814207.4187163402 535741.7979905596
223 664872.198975311 662184.9563841864
224 585910.726579139 835494.5338034265
225 175416.00934177393 268539.0697362592
226 501825.75511912466 927114.0637783086
227 802523.9939110588 960795.3357686545
228 509695.4313145353 886565.1265378463
229 589978.115207624 877887.5800407436
230 789700.8595016762 917728.8863306184
231 656888.7831213318 477591.71982953587
232 461837.34511284035 633694.642597328
233 378476.66142038314 586193.5898956141
234 536280.6024297625 450065.8774405265
235 69093.88956227091 893256.6355651662
236 90130.79948688163 913190.6084934971
237 230455.0433297582 360057.0751349835
238 196116.92610281063 509777.94406565645
239 244430.33916594114 197692.31415674926
240 797692.0374970839 474114.0145673013
241 714583.6702689382 66069.24699775518
242 348724.02943323157 92275.35564410483
243 837863.2299765511 970241.874237144
244 554583.5070216336 849936.2582827529
245 283913.03038625047 940257.1246249904
246 259901.06492057897 794272.8064209626
247 118107.08531678327 717152.4097232384
248 408610.51468677435 759598.8685622606
249 626953.338865001 784644.3705922144
250 965600.8900221364 523110.0368023446
251 361925.11758201884 551490.7962318457
252 977721.5423737252 244799.50038786003
253 939804.7956474689 799662.0083895284
254 392923.6061642786 424561.4597164027
255 285768.3037759352 615087.4982888651
256 210302.49656508316 981112.7167367679
257 626561.9387550257 992856.3542221313
258 858880.9693001062 386764.2164155648
259 937557.1523771051 756700.7889318726
260 87799.15057006438 218816.84193398833
261 757015.388528108 931039.3272467264
262 257547.56644440512 41857.06351619989
263 17805.07113488139 873324.9471655614
264 880763.7418415853 359768.4032289551
265 810104.095633944 145452.77573921988
266 334124.8503664891 464506.0670533676
267 749153.4077587778 299801.156884596
268 196293.6916015441 91246.03719123737
269 504307.4839701687 471752.063089616
270 676250.1394745888 512497.05293583905
271 479568.80626090715 117594.45101798227
272 458838.3276362756 276502.6194921577
273 375578.9984542825 308066.78937836277
274 909228.523832728 320164.1443438042
275 312573.28126217163 949125.0401513097
276 868219.8068626187 688978.4720636462
277 120561.04969844283 502421.2667292843
278 843708.5232392832 959550.0455384783
279 886820.7556350984 215251.24497799875
280 748193.1109985586 431878.6146845961
281 910082.1650445309 738541.5905899601
282 213348.0672324306 315893.19836714456
283 605890.8351877441 13582.21423617556
284 204956.29748706034 890028.7187236437
285 45458.902559995964 993070.5314014463
286 855083.4030199823 316877.9459183895
287 359138.7817301026 665388.8387951015
288 919559.2635214713 247464.6294527999
289 606928.304338259 860985.2530236165
290 812697.2780981443 637913.5545979928
291 206670.4346180377 120869.7808990269
292 57758.558591136214 813817.5355043106
293 254430.3077962804 145037.31675538368
294 232912.32063438016 99168.06589288496
295 464828.4647646086 266367.6326392275
296 688607.6465319884 821747.2957524129
297 961589.2030591111 283322.4868590676
298 849182.1119194736 686570.1470090739
299 584799.6985117538 140038.42553880575
300 417254.7073176477 185859.9510480201
301 464665.66904254846 713506.2889321591
302 185861.77504644063 930380.6564372323
303 578624.1275792227 7165.624673687088
304 153224.010282898 480138.6262430553
305 407096.26776587183 207217.62756579442
306 205444.05456251814 819189.2144067859
307 256913.14359284812 338420.7692935337
308 77875.16040847797 583987.5473576008
309 821275.9830223242 163312.859463408
310 841721.3114030577 994734.0623715363
311 492319.0530996664 934089.318844103
312 285166.73163737217 423951.7413582542
313 768129.502046801 237422.32164888666
314 148196.70640828076 816793.4420771071
315 633098.8062742635 52322.90854700006
316 797926.9881642457 422214.91651280277
317 677411.3588762301 280703.37105216814
318 805337.3431753622 773659.0991390318
319 166329.21267925372 247081.26658942155
320 529957.0237523132 917001.9347469795
321 53471.70096187659 140016.518905267
322 673921.6672704812 550876.511815792
323 925813.4377119547 486219.8436318995
324 74241.72743647828 495720.281407276
325 984308.5715212445 817547.6302301708
326 325310.39685577067 860578.1973762369
327 442416.8873067663 656202.782486294
328 861932.0310837445 263030.3021685829
329 10166.759345926368 166491.96699686575
330 701085.6019055146 827698.0341370765
331 300446.3449974309 41203.68205801817
332 329960.91513392323 556165.8591734656
333 129229.1987169718 343159.6882716342
334 845848.0754898202 662843.9559137517
335 126822.65508345781 24181.25880347244
336 309594.64176887274 578013.4911074406
337 170700.79241359315 441365.39756462845
338 613963.4675431028 889224.3366549222
339 392984.71249447955 465250.11506470246
340 604190.7938357916 934442.1737424771
341 667504.3894780765 869796.7193260534
342 637703.7669682138 514158.44917691476
343 679194.970387327 540712.4855902133
344 266667.9243667218 996451.1310225971
345 754799.8199189528 173672.4364894614
346 997125.6906207715 595475.7179626961
347 808661.5614662446 480411.4425551422
348 338336.3657361538 730404.8763823333
349 532748.746919305 695069.2010169871
350 391241.8800067987 174881.35476240006
351 289863.0117492866 848920.1344471219
352 218252.72320012414 132743.17412787417
353 379797.89224596106 169280.30616959554
354 346393.58998234535 315766.3278440587
355 412733.5070130657 400355.96937134874
356 128884.46561226196 629091.4125824713
357 575629.8565449726 773826.300584894
358 452356.01162557804 728008.7790588781
359 161257.7359019265 914392.9596993765
360 307450.22114197887 24948.610779418344
361 279236.9647849388 629460.4813229331
362 421090.69195221213 683006.0070649046
363 970225.9575074308 899098.1842684974
364 140619.97387767676 705779.9270257829
365 640073.4683529253 893828.7400060464
366 147116.33936719038 784628.0234440312
367 232904.96985968502 610013.8358739018
368 567428.6897867473 862121.1555375258
369 654757.0317125531 722287.6123693079
370 274531.9874991169 238712.87178119793
371 472169.4956682061 879581.01087228
372 122499.29780466994 698408.3926188349
373 657581.2621652266 214890.74065359504
374 46359.11446080765 71127.91140026154
375 597167.9591016398 714712.6546857955
376 293145.5574141444 851177.8615237878
377 894906.8003462956 368969.6334996736
378 527496.5766272217 384980.5010803088
379 737614.4844793876 986343.6741530539
380 724165.6969035856 146335.01881963684
381 161068.91155411763 83252.08579390653
382 163568.42131095973 819589.4938012037
383 189627.31219400576 775180.8469202239
384 946523.6956071756 81867.66499927045
385 104961.22566528687 570391.0668656685
386 405239.5055473941 667659.6150318694
387 700099.9794462323 582393.597769266
388 753654.0390118753 262154.79925478157
389 852423.4936312608 159627.75461134437
390 992007.3803840969 508143.750669681
391 163848.99165983856 566100.8360205826
392 979168.7257078195 352801.31682541646
393 660928.9142219109 86930.15339445631
394 748080.2864473633 362571.4872135034
395 410221.40438156907 310031.0088947692
396 899094.5857598091 158276.30163220575
397 226684.37725902445 310274.2474725824
398 295219.21248358197 589307.3164993632
399 523309.45519047347 561306.5716646429
400 316299.563147449 362556.5886974094
401 227229.65179332343 923557.3346430605
402 64383.202304918006 868146.3519658573
403 373592.7622231976 337580.67593155307
404 343457.2882679614 296328.3935576379
405 894136.1464478589 84825.71003316641
406 42729.72024510791 900636.0484643453
407 203921.96786110284 601237.6950867707
408 7941.247804659213 681467.5292947775
409 791162.929650603 464565.6757935071
410 48292.922352286 143250.84064381733
411 108001.73700716587 971222.2042528907
412 166405.24188503914 341631.11910064484
413 306848.4159725976 879841.9576221429
414 529781.9194937479 651189.730248612
415 623536.2161874488 6402.719293877813
416 252008.54784839365 839272.5250107327
417 53773.091107324086 329599.3165794193
418 302391.103692886 721945.2268476735
419 15410.98522790918 221005.18356579656
420 861655.6078635568 612514.087328942
421 517291.8738700911 575021.0177714039
422 49917.75387481778 583985.4127673871
423 500553.5016421423 885899.9052608635
424 207228.58369893872 35963.658561706914
425 982973.0319377532 887187.4750579903
426 84047.71490986896 241007.04173944655
427 621788.2560500548 894903.4237882743
428 371173.39678785676 928480.8657844816
429 552145.3324915132 845181.7623488231
430 215724.1140795725 111031.23162888306
431 855006.8105733839 297088.6048252547
432 134771.581779202 50878.17437576037
433 985253.4653145643 784993.4810095215
434 577022.0678885947 811719.1212604472
435 335084.0183915056 281937.7517456024
436 225182.0870120963 283753.1884168688
437 718659.3737087948 679439.7380880048
438 153323.41768917145 614127.9084408899
439 807785.7537755542 809226.1134151828
440 836998.0281520422 920937.6807518144
441 93842.23930352597 746386.484688616
442 967697.1481535651 798648.306399888
443 103689.64373638689 652625.4078551299
444 383406.0243188507 616926.149773677
445 843727.4482117187 497736.3151116734
446 624531.0900577309 764392.903624582
447 388702.4859590837 915611.3870664506
448 72611.88598124968 583031.7587153713
449 832936.6792105227 360508.31955292117
450 320957.29553503735 411775.54644131265
451 118612.60420744779 14012.16560115015
452 953933.7163343226 158212.93672463243
453 316965.69943803543 31682.750818452398
454 639375.4403358538 784472.1760029279
455 446451.3758431442 447139.98555938015
456 595889.7375182899 440670.4076231591
457 39220.66047327921 603532.5676925997
458 42335.790720472556 101496.39854753812
459 68257.52443418498 395693.80274546985
460 12438.949684997924 812857.5514184001
461 742223.7688271529 135521.55222930672
462 962923.8019034803 734408.07040814
463 527071.1259469135 78218.6094679902
464 835094.037637802 331031.7682426351
465 170743.4399345098 47759.30241377302
466 845714.1878819912 256847.07142855832
467 471846.40688059595 489724.18739049917
468 799407.1705991057 363740.8632693887
469 888589.1418706502 139788.5779409781
470 270842.91969796934 461820.54060281906
471 14023.233645791055 972979.9047030819
472 351803.71886280517 919867.8610312595
473 956516.636072882 780886.2085798705
474 244158.5792704505 166454.0884640101
475 940069.5674658853 998551.3609457829
476 837448.6677379387 559839.9999312136
477 421628.20272880263 935075.7738925372
478 796447.0050115862 722379.914297006
479 854245.2851836196 869798.9192558195
480 189036.45506329826 73721.51831422924
481 400141.8129826998 495027.1674950031
482 564490.6716127819 619542.3935459583
483 807256.3628147661 778136.5151749247
484 16960.19938361537 281144.6346764268
485 379062.8673268763 465259.44455577317
486 795497.2060600658 2007.9108740346242
487 68377.4871603009 569074.7620099452
488 346624.2111919723 446632.6537294737
489 128288.48786177738 430760.88646494335
490 808684.1113176113 984145.7134279229
491 379895.664984945 110094.63179329493
492 449402.38014591415 161286.4916043033
493 301468.3246486133 621820.6762102246
494 99451.2207004229 759843.1228241753
495 548255.697911849 782971.6356697755
496 395535.6536961272 804897.0524175835
497 997093.4338376689 76749.91552867883
498 728299.9575268785 221939.10322112843
499 652412.1607928782 927709.5053541474
484 115 892463.2368328635
484 408 760936.0136277708
115 408 622340.841402757
460 471 593660.4043488526
460 408 529688.0868976589
471 408 12853.288766939697
471 263 285899.871014466
460 263 710790.9145215732
459 115 298335.5095257386
459 484 769216.1629006083
12 131 957923.8343590157
12 392 435252.2011203026
131 392 990019.5403183743
131 169 814419.0562298924
12 169 266438.82571796176
169 346 921703.1468514617
12 346 681309.8405697782
146 360 610108.636862108
146 201 325536.4033878676
360 201 287460.5220260984
119 460 17543.203170678258
119 408 476154.78350357164
459 417 748255.6461563067
459 333 777681.8040878953
417 333 557427.4625864315
417 484 31376.455016326687
115 457 709216.0498939343
457 408 770903.4640056321
497 384 398763.45143826655
497 142 363514.8595913525
384 142 851933.7973930371
12 497 227530.46436482237
497 346 216377.07166526688
497 452 87956.34051671486
12 452 137176.11771156822
146 453 531397.8704255525
453 360 726664.5166802116
163 146 388293.1749514519
163 201 329907.7948685461
146 271 531584.9835827235
163 271 623692.1239947752
32 329 430795.72644887667
32 408 217432.73560940224
329 408 681470.6677606938
329 484 134025.53641664094
82 202 218239.68435821473
82 117 35451.58498421208
202 117 268946.0853473813
486 415 313791.8743781291
486 201 729921.3601438502
415 201 644888.6692771812
241 415 202774.41691080545
241 486 86612.99362859287
44 93 614619.6609969812
44 408 268824.81562439044
93 408 8394.065868098543
93 119 324818.0646451823
471 89 779533.3807783765
471 285 256793.85657864128
89 285 161805.61226973822
89 263 891265.3157337981
74 344 289177.33524738386
74 285 5532.589981974367
344 285 988926.0047817713
191 437 829813.906489193
191 223 418780.87002176
437 223 518141.10800853407
437 290 750363.3012833376
191 290 948496.501403335
68 440 811726.0894037099
68 479 176936.72418422767
440 479 547965.9876050075
440 114 105248.55525976584
114 479 497395.2197428234
114 230 407048.9668142413
440 230 544488.5775097845
23 219 398815.1469771265
23 475 966883.907002921
219 475 691696.665716859
23 68 69590.01884594707
68 219 981392.4507509427
23 440 345802.961521106
94 188 342006.5919527232
94 43 531753.0235243242
188 43 73848.71920145708
2 66 264079.4017951522
2 346 436519.6591861166
66 346 495445.0978150927
2 420 348003.30145120306
420 66 467511.5949820825
216 114 186006.5234499675
216 439 246062.28306885413
114 439 332006.60471413226
216 479 555522.1633684685
195 462 145229.4674060738
195 346 399367.59739423566
462 346 960467.04797747
462 2 273605.24701192125
216 192 293902.4972823473
192 479 600535.5932947425
325 192 242334.77904406897
325 253 80606.71995117774
192 253 974719.4922712154
112 459 709058.9666363345
112 333 469109.2149889785
112 152 360727.19329816574
152 459 474475.98670192104
459 324 203370.87724352753
324 115 401732.2479752292
152 324 161772.3129500097
19 112 144400.78352279906
19 333 919705.0022959708
457 443 961349.6330660087
443 408 257401.0961433958
172 443 288074.06717575656
172 356 100904.02300545198
443 356 766390.0298234221
443 372 320196.6785126207
172 372 895566.3095676074
444 27 776278.7688439792
444 232 811955.4197868207
27 232 805315.208082219
27 233 947412.9791734528
444 233 239261.82209182356
251 266 415894.91379756003
251 481 926168.0337448366
266 481 697532.2259166413
27 251 151097.21261714504
27 481 210164.76269529405
251 233 955170.6982257738
121 131 131281.80379457766
121 169 751801.4795010401
313 498 840402.5614500251
313 345 747248.3454937874
498 345 469459.6025227067
431 328 649862.2191915592
431 109 993791.504683749
328 109 427377.2946574239
328 288 299859.65546463575
288 109 988901.0199359268
129 497 713450.8000933476
129 452 538237.8111031523
129 384 157746.13508990564
48 241 957433.476083808
48 486 861913.5585196775
415 303 813621.6048931836
303 201 733113.1504221574
163 463 923934.173685994
463 271 148420.68241535488
46 146 254560.73243383825
46 271 859081.9315340087
453 46 565724.955661097
453 6 474224.60241069907
46 6 483411.08473522833
381 260 655577.5330448087
381 59 187682.10715502076
260 59 613801.9867065562
202 22 144839.913699349
22 117 789946.4957198628
210 22 361091.214254415
210 202 733712.3042889141
13 210 626110.7513617132
13 202 600575.7404322815
39 13 259279.47825382947
39 202 381097.7308286765
329 419 288214.8806863771
419 484 365613.806781417
307 400 962874.7252029394
307 312 647762.6171450961
400 312 376356.33219820407
48 461 177085.62153608786
461 241 975549.4749925213
241 179 501359.8381643447
179 415 640930.0333488617
491 148 991703.0813044494
491 353 352032.79946357623
148 353 333569.9328294921
83 491 77405.08431572912
83 353 275523.61214177514
242 491 81529.96023031478
242 83 342656.47839557414
190 13 236591.5907756889
190 98 275265.18162707414
13 98 950715.4965734866
190 210 625158.0055383977
132 22 453640.124980226
132 210 982534.4107764319
190 132 667457.8150626301
317 394 31036.34379825604
317 37 308567.03198997036
394 37 869638.6009355579
394 75 362606.63346006226
75 37 863299.651892534
317 373 399859.1827113662
317 498 835588.5148878043
373 498 759968.1929562368
373 72 261268.86274408523
72 498 57681.883676429454
498 380 884534.2097080412
380 345 510160.0617170468
72 380 818429.7253571824
380 461 141081.29737779373
461 345 17141.83814674608
347 409 659739.6441988315
347 71 72631.86472701267
409 71 276929.5176370788
178 420 407014.4073938995
178 290 980890.0124975702
420 290 35680.11796360682
178 66 254859.14634805938
89 54 877711.177065477
54 285 135184.7001705464
54 74 769469.0328226192
292 93 566732.0390500041
292 44 538681.1478289611
119 292 954285.5173942002
292 460 674471.7471723714
478 185 877207.5983231538
478 437 652639.1427312802
185 437 912704.6830574841
478 290 370139.72599924385
31 177 647855.3152683945
31 223 882202.4807588694
177 223 930168.0140197985
177 170 436581.60296250414
31 170 829880.6057234639
151 495 607772.7786260563
151 84 594072.4191883189
495 84 32137.35715560928
414 375 697569.5945038153
414 349 609497.7215593255
375 349 285773.69911033113
75 155 233094.99757194362
155 37 543343.518001401
211 196 452593.2632716934
211 99 851157.5653726839
196 99 593519.0480466003
409 316 616811.8995353458
316 71 459963.8479237964
185 330 677404.1126882823
185 296 481878.88608902716
330 296 716570.0199473024
197 114 748989.5813548674
197 230 812911.5253468495
171 197 372096.265424548
171 230 949046.8712883744
197 439 504183.3451877772
330 197 115817.37964505501
330 171 866249.7510502076
197 185 190064.22116923914
261 171 666613.2567317104
261 230 106182.5864646141
135 341 133406.40545291384
135 161 447229.30899597326
341 161 583197.7094187958
379 188 679792.1346163258
379 161 44300.0956596733
188 161 963845.7441351563
261 379 947722.5379715766
261 161 437854.7667286142
440 227 986099.4324601588
227 230 844495.8923205114
227 261 272299.7414977761
379 227 615565.5880201568
379 490 980716.6169237403
227 490 944728.0143434898
188 310 42896.765190664766
188 475 580422.9907989065
310 475 506684.36147390737
310 23 751441.6298835962
379 310 587847.3376244599
310 490 840534.6141999605
192 187 775353.2680200898
187 253 63367.47865613812
187 216 227646.15346459506
425 325 346588.1127015706
425 195 830830.9353704586
325 195 137098.71732956936
68 425 934377.8335569812
425 219 535245.7622200242
425 192 806469.06359082
112 489 508516.0345571835
489 152 565850.9985360744
19 489 21124.579190335946
266 470 867780.6355694358
266 312 551933.9217288776
470 312 780194.3287380569
470 189 6050.520303359397
189 312 307370.35445445596
422 457 42755.752546901895
422 115 127793.32729123338
487 422 322036.24842322676
487 115 287830.04249908484
308 125 498548.62512652244
308 457 342109.8342264397
125 457 629828.7822430873
125 443 476824.18078225094
125 356 29011.76620638757
327 444 951940.1582224641
327 232 583487.5739330791
147 327 233134.592389884
147 232 6466.605622704958
251 332 700405.3452167241
332 266 532682.3275162847
332 233 263545.7266058159
188 77 257175.52417108382
77 43 959470.8485685978
77 344 799631.8046681243
188 344 626438.8616769235
86 77 677898.950424599
86 344 656383.4309420581
77 208 547815.4493976673
86 208 269910.3141800631
121 25 119104.55967917366
25 131 469859.7944868115
25 169 711835.8495099843
390 169 892494.801228014
390 346 134278.99381677178
445 347 693138.7454437105
445 71 70171.25841664018
108 62 726496.394827926
108 71 431915.9953426722
62 71 175648.46632779052
25 108 598675.7951106108
108 131 552633.6036357865
25 62 455811.6393914533
258 108 383226.9529988458
258 71 424164.4782862986
108 377 708045.2468750757
258 377 174544.11315192486
97 317 6147.677896671699
97 498 994741.1892373853
78 168 270572.2800210344
78 392 159812.728602456
168 392 742788.0833876262
274 431 551505.4559633228
274 109 905466.3475462568
78 274 594876.2315501753
274 168 65624.84516440015
12 165 272385.4456065623
165 452 622105.8212415416
168 9 381636.54704968777
168 297 363899.9878635447
9 297 224631.2997003037
288 9 576896.1455069165
9 109 483757.03932702483
288 297 184454.1833811044
9 274 698677.7525520563
63 48 212989.8585244283
63 486 286790.3294433095
63 142 271778.95639370865
486 142 294896.8673651858
384 63 879173.2216380505
136 123 21115.578242826727
136 271 669731.5495377831
123 271 791106.8882077481
463 136 643337.2846338223
136 39 393299.7256385997
39 123 15728.246567949023
136 13 61014.8482538424
60 163 371296.3961922876
60 201 279765.5045865579
60 463 344207.01936157915
303 60 386270.73821074795
463 303 337359.8870420789
201 451 320299.3514379383
201 32 12369.552426102271
451 32 799643.484265271
360 451 780542.2514300437
458 374 964034.0015894679
458 59 994320.0235397968
374 59 842683.7483861267
374 32 480467.5156685762
458 32 415236.49874533986
451 374 703012.4444768416
451 424 427164.5823137172
451 335 949446.3715930554
424 335 582428.5420307348
262 424 37737.45023350717
262 360 647475.3311965867
424 360 774511.1660319527
266 485 448080.3690030161
485 481 223774.8796188882
485 339 633885.6195868116
339 481 170612.92788653704
339 455 787162.9377752317
455 481 489105.27764554013
39 492 946715.3955963145
492 123 335201.11331488565
76 419 856214.8212579635
76 329 877230.1273246821
410 76 138301.58599392528
410 329 433464.7226666631
76 260 887685.2346928297
410 260 119416.58322190506
76 484 699937.6893808364
321 458 710893.4924665992
321 59 261047.06085931996
321 410 40970.98183499992
410 458 741244.3721960167
260 321 220418.47346110523
38 410 482512.3927118767
38 329 833806.3950540711
38 458 418379.3994716714
38 32 624685.2933443903
73 417 998245.2344512837
73 484 264470.6280042567
76 73 56616.5685956046
319 260 417139.5664803409
319 143 182542.03728578545
260 143 592782.8705785756
19 412 597444.3111559582
19 189 650705.0802945582
412 189 965415.3407961454
412 333 566841.1462984006
36 412 284201.1423864439
36 333 422231.4854438481
400 450 19750.355235581217
450 312 416447.6217374007
149 450 376472.6717806103
149 400 207585.8713924308
450 266 516910.3352086609
179 315 768998.5510583674
315 415 235481.58170050205
105 491 837248.036323072
105 242 48237.88088694347
46 105 576749.1028543853
105 6 227294.81492791104
242 6 421707.29120674613
105 148 630124.4747415206
46 148 527766.6494798206
91 317 906692.5349444117
91 37 58891.356901515814
373 126 765795.1651918541
373 98 446573.6843671756
126 98 879023.4345087431
126 190 438554.06893572514
52 380 347167.95053621195
52 72 575141.3641829235
461 153 191696.29642672892
153 241 28457.94060042839
380 153 156678.9747779318
52 153 707310.0084304881
153 179 952825.7395825993
51 7 697718.6766739485
51 99 239571.32831582017
7 99 931572.8368897446
178 476 970031.1385541172
476 66 93225.52871651857
256 74 189056.96799699945
256 302 150388.01728168593
74 302 611396.2102610812
40 256 774033.4685727145
40 302 733681.932071422
256 344 284492.1456674572
40 344 387350.76814491866
275 86 314684.44992401334
275 344 807563.958671903
401 40 573534.0893362731
401 302 592305.189933107
401 416 52650.713957764325
401 413 769189.0573013955
416 413 906272.4581810933
441 44 37819.00454211784
441 408 412977.33478210494
406 89 197387.80005291835
406 263 657861.0378220096
402 292 669376.476472597
402 24 510688.7140763922
292 24 547295.3048236102
74 359 504035.94078685064
359 302 415105.10887076403
437 369 907405.7096399345
369 223 193188.93825811712
185 369 687163.6355131182
369 31 324987.8548619963
45 369 154665.03561126365
45 185 811368.2101414105
369 446 208959.10096733217
45 446 613081.1881434547
375 369 593071.8734494558
375 446 448311.0645472892
31 375 946817.1149481771
298 478 355875.45608421846
298 290 629121.9760149525
187 298 713012.9357599779
187 276 337406.13944478845
298 276 479402.5526807307
187 478 285573.84959579236
191 387 691110.7361391599
191 99 621994.0791201532
387 99 164377.41595778966
387 211 966100.3179572568
387 223 404922.2955794014
177 387 423075.9343389671
132 194 153722.6482249374
194 22 302780.5008020845
91 194 185293.92116782206
91 132 15703.241102223097
301 147 37177.23940135354
301 349 393816.71911937697
147 349 812118.5480687595
151 301 220791.01520674248
151 349 758579.7332855155
301 84 817306.078812619
151 29 879355.2714298561
29 495 555046.440215634
375 29 539748.3260517847
29 349 458229.21363685856
147 162 769158.1376588165
162 349 261841.4516606795
162 414 88966.03746068788
482 31 431444.2316068609
482 375 223607.90048101364
414 482 752953.5838470259
482 170 27401.866183883518
196 280 513919.6444639789
196 409 725955.888609798
280 409 577541.7770470663
280 316 758865.7141663792
316 75 306630.2940515362
280 75 839275.8860933696
280 155 44279.27850174418
196 155 73218.44858314874
204 316 616886.9303390841
204 75 379557.2609921853
204 394 795996.3735731753
204 203 35705.77592541679
394 203 264002.7416749281
224 434 287519.7037436582
224 249 702175.9729515676
434 249 600340.5692329877
106 261 614739.4180020248
106 161 973303.5462238883
106 171 944233.7463196652
341 106 529812.5243309657
120 224 603944.563000901
120 249 547309.8888417153
227 243 890519.480455919
243 490 578264.1009048433
243 310 673987.4919460895
94 257 141012.6494384496
257 188 708208.8387980429
340 257 240599.94411550357
340 94 665797.5181707207
281 187 9363.913326305707
281 276 707881.7547662052
2 281 19088.00860676141
2 276 301564.9172076933
462 281 861737.7345296481
281 253 790415.1023009374
187 318 902036.6705357567
318 478 631896.0078584705
318 185 986433.8265893838
318 197 281684.2657104687
325 433 405040.1324320217
433 195 749041.6841685754
433 462 476383.2976506646
433 473 396529.01546666696
473 462 837547.6828512073
442 325 780758.1530663325
442 253 6157.53218265791
473 442 994694.0202928858
473 253 698443.9229410902
442 433 96463.6799403158
363 425 839028.9351559465
363 68 992089.3715185197
363 192 742120.9001004093
363 479 102316.30770312261
277 324 651984.6794739892
277 152 7117.628864388826
438 172 65324.172674013134
438 356 517000.56461956154
448 308 216690.96002163712
448 457 950230.6302275385
422 448 760532.6540732017
448 487 998478.4922202005
487 308 20147.897586605734
8 332 556318.8171454711
8 49 468643.7271480208
332 49 390775.3685067862
8 470 363898.17608996265
8 266 832486.9694282084
332 336 682778.0429217363
336 49 268983.1216946107
49 398 291041.7214262519
336 398 199199.0509237358
336 215 186713.04547477618
215 398 813725.3513595997
336 233 285403.1441752539
140 340 667017.0287608756
140 94 688859.3051812949
311 94 257914.82020152378
311 43 830003.5599404935
477 77 491730.38157611917
477 208 748511.9222537666
472 198 951842.5109413587
472 124 454743.1767760781
198 124 478213.66113346466
472 275 215517.84723199342
472 413 672414.1926716988
275 413 67178.47596395243
472 86 857615.895982962
390 250 928080.2022938787
250 169 683328.4512154071
250 346 592907.8473993146
66 250 618736.1114518493
1 250 508556.47207162925
1 66 276382.5390547273
25 323 725997.8633894965
323 62 673063.3037592364
323 250 69730.29206881142
323 1 190760.51861622688
323 169 471595.7125965262
133 445 307554.2260259247
133 7 219530.0920821267
445 7 21682.005168238593
133 347 902308.7200749773
51 133 580527.7625063515
51 347 630258.2274644981
10 466 886414.0675822512
10 313 16923.08717033486
466 313 758020.867618266
313 134 715851.6882865835
466 134 814334.10333612
466 431 95663.52216345487
431 134 842062.4785023937
466 328 323699.57340512844
309 313 852612.63220767
309 345 674319.9339496245
309 10 246748.04635347903
313 388 798581.1993553366
388 498 476604.7967350549
388 97 470991.0934257697
388 134 61524.54406005392
209 108 991137.2775865477
209 377 7553.0465545434745
78 209 801637.3485522195
78 377 699548.7989668575
209 392 764748.5827110097
131 209 110642.9031731131
288 252 310674.92958552454
252 297 862440.0768709896
165 252 383002.32092307654
165 288 231994.75989377426
252 12 814798.1011411978
252 168 176026.88453661263
252 392 629105.7923479613
405 129 481583.2797889299
405 469 121580.86654511945
129 469 768898.1866835036
63 405 134353.75178537413
63 469 395256.6024392183
405 384 979802.479917483
299 136 384387.1007813406
299 463 132188.5554474268
92 374 751047.0020199335
92 451 3611.6471575707856
92 381 927145.647823584
92 59 768445.1119510737
260 291 112951.12357105619
291 143 211296.63752636386
381 291 84619.98149492955
242 56 436867.8202604812
56 6 188843.06103659343
56 83 352411.99968336103
293 56 289488.6451106642
293 83 246670.61535014634
424 465 800812.8399728113
465 335 899342.5615548341
58 485 184375.24961107498
58 266 986932.1071925418
295 39 375294.0890455395
295 202 633702.9116554343
295 305 622583.4001823459
305 39 234481.33443401297
350 305 809988.0021583241
350 353 331309.9732195793
305 353 252248.70201408432
148 350 697395.7438156534
305 300 4032.100651740422
300 39 89031.16582500559
300 492 25268.19831116567
350 300 521944.90052843146
350 492 341832.57778946275
123 70 504223.7204204575
70 271 823682.0378842935
492 70 742959.6417488274
70 46 632617.9784929869
70 148 843709.1999753953
70 350 5274.818525435321
141 426 618354.5418606246
141 260 904878.9281017727
426 260 657652.7514822658
426 76 910566.2064567957
199 141 250255.57573289814
199 260 540059.187385331
319 199 860006.5033668509
417 199 763615.0769856609
199 333 400065.26189873595
412 207 57043.86590889821
207 189 372841.656455654
207 36 664741.4037173211
307 397 48760.519731501976
307 33 560812.9958430199
397 33 655103.0987114434
397 436 516708.71030114405
436 33 316284.57757740794
436 282 777988.9227619594
397 282 516563.3423434708
189 237 452116.85599948047
237 312 664048.4097175027
237 307 864791.3999830075
207 237 187846.45105885578
237 282 778700.8632663433
207 282 370506.7126085528
237 397 534985.2497714874
254 455 946768.8456048022
254 339 405559.9523275531
485 254 573417.925834933
58 254 623850.1054721705
395 403 172591.46942970104
395 273 173358.32789523376
403 273 594002.6376087578
403 82 627719.0934214998
395 82 851586.1404079944
283 303 19104.152450672984
283 415 607795.3216971259
315 283 177331.2223032024
116 463 715858.0365376571
116 303 554498.6116407622
283 116 338102.58224838483
116 315 971528.8440636485
299 116 488857.1267789642
299 159 592812.6611786853
116 159 424852.3489478235
305 64 440971.2942196742
64 353 680463.8350874055
64 183 321342.71273339866
183 353 472987.7423462555
64 395 855739.2093647381
64 273 102162.00522060858
295 64 671873.7427315472
404 64 365860.17440707365
404 273 475021.6087781166
88 373 633349.7488275478
88 317 380808.12225948833
88 126 874056.6973981978
88 190 80783.2845034221
88 132 915105.4053999358
91 88 226824.85469355353
212 52 751203.0171492584
212 159 532901.9162314752
52 159 330660.28846183326
116 212 193242.05966574437
153 393 706515.1467027296
393 179 688906.6344144662
393 52 297062.8268851181
212 393 688670.2472669256
347 240 2711.1440944674882
240 409 119113.12946978059
196 186 742271.2527602139
186 99 741847.4040099927
186 51 40170.47069912028
186 409 764673.5607999625
240 186 656503.450398137
240 51 17360.189909658264
445 222 238491.29571632267
222 7 843798.9864655567
476 222 730117.1764659692
476 445 264064.98381406465
222 99 855637.0613538801
222 178 609702.7901738915
222 191 158869.94936133514
222 290 719490.9655893585
40 245 737516.1979563634
245 344 261212.6946121518
401 245 661820.7568718898
245 275 578472.6707503323
245 413 501601.4098367556
218 402 62463.6046843261
218 24 964435.1632064702
218 359 873775.6235897795
218 236 169889.51508479766
359 236 472899.95269998873
235 218 12824.808395890175
235 236 253622.21782754135
235 402 461606.2107152331
402 69 107655.81170971227
69 292 777785.8766658822
460 69 351198.7071588897
69 263 131174.99131683641
401 284 504370.2294359813
284 416 312956.33252418676
284 302 754330.5028384257
359 284 180094.7229094504
359 411 581425.444453143
411 236 878499.9801424948
411 54 472719.51404307643
411 89 441172.1757301777
236 89 574993.505648736
411 74 310349.76604257105
5 185 831448.7334465013
5 296 513870.7608197471
420 334 158815.91339364
334 290 322115.2341046892
334 298 373337.3173554063
334 276 501943.97828436946
334 2 894267.4874359102
22 378 88985.02447498335
378 117 128468.51065379939
194 378 636544.1794416332
26 91 525345.7954945236
26 37 557818.4921860701
26 194 729633.3234640708
155 26 120695.37266482422
100 122 603749.2544108449
100 213 740805.4858122779
122 213 67165.03513446404
269 122 449455.6787548323
269 130 237453.39509098817
122 130 346999.14362788765
21 27 967510.4060570307
21 481 469973.3812499871
21 130 168681.69475398553
130 27 900253.9329695761
455 21 260522.39560051725
270 196 288713.5597275029
270 211 944737.1310968408
270 155 578177.6332244754
343 270 814930.859124855
343 211 281143.01633242844
270 157 574432.6088119299
343 157 249826.9001111144
144 387 850578.9369563004
144 177 592378.0656089485
144 211 596015.9053912295
144 343 438946.8503835946
29 357 456128.37853602506
357 495 603403.0510488151
357 375 962278.4281494694
357 446 631232.8513348538
249 357 334751.3895920565
249 446 287970.345928359
434 357 400064.85996510996
14 147 46270.20380927815
14 232 654935.6040834065
14 162 454384.03218491265
14 50 292527.5529237571
14 482 379558.0812024198
50 482 529522.0968776823
204 28 119797.07121352757
28 316 277782.5922078282
28 71 587390.8742589323
28 258 541097.3685663316
495 175 474367.41098227585
175 84 86753.09528436881
175 371 489246.27102416876
371 84 263976.5907466227
17 106 780178.1130259602
17 341 798617.6196035239
17 5 672740.7978030859
17 296 755354.9842383552
17 171 656171.7361762009
120 17 342773.28955767996
120 341 353929.58150237985
330 17 756583.8290551727
365 341 105464.78248402836
365 135 55534.50552388095
365 120 76995.2157294268
365 338 330275.25633688824
338 120 873085.2204073747
278 227 591394.2514610444
278 440 448079.414790696
278 243 645674.9574196257
23 278 667393.0800220559
310 278 741853.9803776466
499 135 248644.15074153178
499 161 790551.2237387182
473 259 646639.4597514499
259 462 154259.1128130454
259 281 73540.35711733076
259 253 366985.4250723301
483 187 79463.72441613392
483 216 763206.1694620817
483 318 280987.0905297518
483 439 363774.0512395247
197 483 380017.8632742961
8 238 774511.0728134444
238 470 772542.5916530528
238 181 769055.6153664127
238 55 960421.9883555794
181 55 341334.0854237272
238 49 983761.7567236999
181 49 996268.7593785122
238 128 438255.6066624408
128 470 302472.4735398007
128 189 179350.6492123429
128 19 958003.5155971001
128 337 783279.0344680231
337 19 507971.1408900509
304 277 53041.30286895703
304 152 200481.99917745448
489 304 24582.881161050453
128 304 552345.3050971043
304 337 45907.98829552611
304 238 922798.433273497
304 55 317554.835988331
16 496 832041.0640402378
16 371 607500.5932765158
496 371 325606.76046940405
496 84 807381.969516289
496 248 443244.0564630026
248 84 825826.384293231
496 124 252449.32758049655
16 124 171442.55384330053
198 496 657141.3808050327
79 248 96905.18109409984
79 348 200749.50239699119
248 348 550418.8133397104
215 167 942889.4908302218
167 398 465322.62210505584
167 255 815194.7003813561
255 398 615095.1559892836
30 167 106475.33384165031
30 444 971536.8973570681
167 444 478401.9341297945
167 233 707228.3906047387
167 336 245583.51022509285
184 140 385955.1889679409
184 229 191581.29356777176
140 229 461299.9476739392
184 340 715357.072351556
338 184 535696.7724767417
338 229 796532.8985520442
226 311 176647.2594764895
226 371 783844.3887755126
311 371 20118.846158270866
140 226 462876.8535671587
140 320 834163.7570005984
226 320 977806.9584922176
226 94 932058.2009972698
477 57 294749.94874460204
57 77 123142.26583107036
57 43 768206.5144052926
57 311 760276.6906043871
57 371 387737.9571178331
57 16 553991.3492029388
477 16 576183.3492230475
326 472 420775.03381086065
326 413 539264.7688683685
326 198 959562.7798790289
16 447 642245.3553031076
447 124 814193.8924616544
447 472 208458.53325904318
477 447 470295.63413336925
447 208 824469.0962508821
214 323 367862.1555340597
214 1 642579.0665999495
214 66 193718.9417616011
214 445 463711.152416987
214 71 144645.78928480332
476 214 819704.2696870841
62 214 233744.23597758432
258 264 985455.1384152832
264 377 659055.669465969
145 264 148195.48542460182
145 258 715472.6574854458
264 78 764850.6242901552
264 274 387155.1299592345
274 286 190149.71017115045
286 431 354713.1289230684
286 145 674082.726450041
286 464 88149.0173322791
145 464 935778.6497922441
264 286 982011.7788350309
165 193 40185.36080402701
193 452 685291.1037525164
193 288 319859.924962266
193 328 127477.42592936051
279 193 673043.1874096442
279 328 42066.881371259355
176 466 887941.326002408
176 10 866812.9626869077
176 328 525177.8787211799
176 279 303969.6424757218
265 309 4975.797032446993
265 345 727514.1200004081
461 265 243264.99438617312
265 48 587730.5914918067
267 388 205441.67705417305
267 134 976059.1919389128
267 97 785365.19872836
203 267 867452.8777581665
203 134 286153.4826879533
394 267 435019.25451351685
267 317 294866.8744194437
136 4 59866.47762067976
4 13 186444.5867241884
299 4 185614.84271049598
4 98 682130.561656854
4 373 622983.4335608286
474 239 763801.146704444
474 143 797919.9389827988
239 143 507473.71035308484
239 319 860662.3909931113
138 293 539245.2603492722
138 83 232006.85400418474
138 474 339373.189644957
474 293 353374.24930858985
138 239 201641.10810030668
239 370 894824.4878440235
138 370 720049.9542731988
138 183 978169.1400390052
183 370 947107.3149456015
138 353 635361.099529502
291 352 508025.99044471566
352 143 343108.70421174675
352 474 985711.4616392301
352 293 626128.6972529612
465 480 813898.5781469845
465 381 704007.0375747465
480 381 117827.67132060257
480 424 38481.77992288515
56 294 146844.63783647926
56 262 444624.4387636713
294 262 924589.868557359
294 293 929773.2008034785
352 294 831918.3668556516
331 453 463175.8055083468
331 6 342876.2455220059
56 331 381527.02335652045
331 262 639341.2719004523
331 360 669377.8775757101
0 451 723699.8296007408
0 335 180723.84143504704
0 92 687825.0221854004
92 432 159098.66532906704
432 381 292056.80197938386
432 465 486590.26926588145
0 432 775278.9925400863
432 335 597468.292977303
488 58 581606.7222428526
488 266 947007.7914767456
450 488 613936.2016330236
488 149 224196.80364163796
254 488 380220.5956303568
254 149 853685.8564396836
101 426 568848.2201949346
101 141 375119.53638976306
101 76 915744.1486287356
101 73 224505.36140358902
101 417 571868.0612255558
101 199 135691.37579946712
225 199 261935.7478629567
225 319 161323.9981063589
225 36 29522.388563417713
225 333 934829.1148119838
225 207 805616.3898547713
225 282 468917.175494344
225 436 377965.694157841
113 370 976963.8266174158
113 33 613964.9817048179
370 33 973493.9834044846
436 113 950735.1708957568
113 239 384678.3951295983
113 319 25645.640498759392
113 225 472040.5066959652
254 80 898987.1519848214
80 455 1659.1701299530914
80 355 62749.078549161895
254 355 649458.4517543442
80 82 842619.6133421834
80 117 588748.1129738347
355 82 48447.061075628684
154 254 584723.9853297371
154 149 784358.0889151376
154 355 942898.7787075331
154 400 337570.8885271349
403 154 832370.6075774704
403 400 702976.4283846838
154 82 449522.7280307494
180 315 207083.33421822023
180 179 880305.948497932
180 116 510898.35596611456
393 180 665935.8714653502
180 212 738302.590687523
64 272 550857.6139773176
272 395 873186.9291280108
272 295 242545.73802473355
272 82 533981.4055898932
272 202 376455.6567063295
403 354 902549.539762633
354 273 975984.790057951
354 404 626397.7053070596
354 400 578945.4643972911
307 354 463436.85799622204
404 307 111518.86720205673
64 435 416198.5140898552
435 183 655621.8144052859
404 435 109382.21797085901
435 307 185216.66280483885
51 160 419815.39795444836
160 347 511518.1050676827
160 240 852872.9636905744
292 314 424772.1080408873
314 24 866113.348376605
41 314 130520.379896655
41 292 163472.86153907803
314 3 20193.0469902204
41 3 459662.0708755109
494 41 322801.07138509286
494 292 398825.5227306934
494 44 582488.2570828645
441 494 479231.06391436077
18 218 545511.0276364594
18 24 924875.9687086961
18 359 33368.7492586523
284 18 164826.70192727112
284 24 864132.8034271835
402 42 601689.9738222834
402 406 526206.4261544099
42 406 46074.217996575404
235 42 371435.04348653456
42 236 478091.018791856
42 89 785511.3919979403
69 35 35389.038009716714
35 263 301570.8141229359
35 402 600145.3823789349
35 406 6225.256107538324
284 306 526562.700529695
306 416 97938.57869671496
306 246 359464.0516600984
246 416 348482.86638601165
306 24 581561.1740079208
11 45 157383.77739672048
11 185 673675.5276790364
5 11 640502.5867702193
11 85 341333.0110800027
85 45 901696.2959857681
17 11 44989.15025975047
11 120 89537.69889744424
26 103 768521.3181814812
103 194 496896.38658424007
122 103 699200.1675307301
103 213 298769.0669805289
269 103 944594.6119815265
139 269 559435.5134567389
139 130 253060.5861422015
21 139 94404.79693907333
270 231 109666.23196183733
231 155 671506.8900882914
231 26 200792.64203782566
342 122 689324.0783818025
342 100 240504.6653732664
231 342 942096.8991311163
231 100 393335.41909494327
122 170 720425.6622972845
342 170 142507.57857750496
342 177 915018.5119998521
342 157 922956.3444027936
157 177 635365.2447316832
157 322 20170.14314305654
322 177 896184.4318354018
322 144 261021.22203345658
343 322 54994.42067242244
162 61 488003.5305591646
61 414 436039.82926770765
14 61 256542.8204063962
61 482 315770.6535276026
482 150 645891.0050487728
150 170 882829.8044851994
50 150 263736.4976358723
150 122 79122.8023708318
150 130 504269.4918385578
421 14 456884.32184682006
421 232 438920.66792896076
421 50 528260.7675543218
27 421 334894.5158217995
130 421 43640.455203104226
468 28 107981.72178557642
468 204 682995.2735294322
464 468 825997.8364919586
464 134 306375.945770644
468 134 611948.359617839
468 203 964256.6884552735
449 145 745078.6184501343
449 258 791744.5106022155
28 449 101051.23320653987
449 464 196474.413875806
449 468 240804.50041285716
429 434 615849.2443016102
429 224 739323.4758186653
429 175 531228.439897192
175 434 596498.6217693839
15 175 758892.8484004831
15 495 658198.0168023439
15 434 372683.55365720484
357 15 383123.66370732355
289 338 425893.52405724744
289 229 605217.8091520611
289 120 757778.8127705575
289 224 561874.878621522
365 427 141355.67497387435
427 338 925409.9455704392
184 427 626114.1334612891
427 340 172559.81710614022
427 499 710209.1735301352
499 340 911757.8300871914
427 135 944979.4488719904
102 257 761721.153867636
102 340 19323.856434712903
499 102 724431.9085886063
102 188 740773.6861940242
102 161 50399.74304869011
200 487 374266.5132289331
200 115 922486.0890400739
324 200 441906.6893202412
277 200 14585.897015714778
47 200 77638.65616979348
47 277 47573.265815612496
181 391 706262.6440123126
391 55 85879.49597458667
367 181 931328.2548772712
367 49 253170.37407592346
367 398 874971.1539130914
255 367 653845.3668281421
118 304 118637.80663464074
118 489 754080.6483856798
118 337 982245.8128075972
118 19 304717.7331674215
174 304 577209.6037882925
174 55 69694.71479876233
174 277 410101.56994952227
47 174 940407.5096292335
47 55 67799.26009166749
205 496 594280.2770730262
205 198 656224.04523125
248 205 580172.3320306615
205 348 555066.0549080372
158 327 453350.615292288
158 147 697087.1239414487
301 158 441305.0582574486
327 386 916731.5858143648
386 444 215815.2235063847
493 167 412480.6334695206
493 30 721404.353732447
493 255 875269.4321991408
127 87 993298.1355522748
127 30 477141.66088906105
87 30 403924.0947721684
326 164 527626.8548461011
164 198 579274.7623285009
164 205 976628.1965961183
205 246 103131.18628508422
164 246 415952.3652735889
164 413 232288.9205985207
428 447 633301.2771234749
428 208 611442.2588352298
428 472 644183.566128566
86 428 490134.2761539157
206 286 607385.1232751586
206 464 118885.98181500299
206 431 203909.62526701362
206 134 162500.48015849883
396 107 41249.84567432744
396 469 234015.1936453657
107 469 804571.9200521973
396 193 575208.5019469031
396 279 489800.59556496056
396 452 600324.2151779237
396 129 416962.5844989631
166 63 81974.48488881176
166 469 720332.3939270899
107 166 319042.56691480323
166 48 762549.8389544747
166 265 578993.4622528998
166 309 361324.782883766
176 389 212721.94766045117
389 279 865674.8603645599
389 396 643485.1986607197
389 107 456011.6271874296
389 10 824211.1465204372
309 389 360271.8179348273
166 389 865953.1038141843
221 299 903850.7294487503
221 159 450729.4697737496
221 4 565730.4727539845
52 221 962583.6325601924
221 72 913287.4016549612
373 221 357963.33688554517
268 291 288978.842306017
268 381 246521.54597536314
480 268 637844.6778674236
430 352 472217.5999671936
430 291 622272.6763885719
430 294 187833.80670158943
268 430 911769.9842106806
183 173 708352.2272617852
173 370 931781.7097332701
435 173 46069.344135033054
173 33 904570.8952759596
173 307 268657.5028652508
314 382 864013.2259006129
382 24 936381.7452138476
382 3 935838.1371965717
382 306 676489.7761704434
306 3 109511.7234404619
454 120 603136.3947172217
454 249 714923.0051842107
454 11 130943.15763129649
454 85 438388.97319077095
454 446 72471.49829541733
45 454 680416.8815188649
103 456 633088.8856322281
456 213 646640.4500349383
456 26 61130.791799167695
456 100 239811.8407124107
456 231 379853.7383682844
80 110 514761.75337184407
110 455 178197.24735135256
110 65 136146.36891445718
65 455 138718.14968563145
110 117 443496.9107398925
378 110 764045.957463049
234 103 174316.03526925022
234 269 298839.99549279595
467 21 402820.558856367
467 455 862245.1357181572
467 139 416802.6508744331
467 269 631592.6356742057
65 467 838512.3440672329
65 269 660983.0095266452
156 270 694628.8189903172
156 157 534858.1323428429
342 156 968362.6746142805
156 231 119269.19286451732
399 150 333107.46197253215
399 50 989159.3971643529
421 399 507783.93602926965
399 130 992959.9820948204
368 289 775584.5399809068
368 229 164165.96240058256
368 224 174358.01002042805
140 368 15291.668221763532
368 320 399734.9127146853
226 228 880587.3141824199
228 320 323396.84043894056
228 368 999196.1412400763
487 385 491303.33430061
385 308 163045.5382617807
200 385 726038.1973823821
385 47 637978.0266919611
391 53 114782.91826881959
391 438 506510.3810046474
53 438 4593.806647257504
53 181 226349.5161510568
358 301 678087.3745401747
358 84 158345.7389036733
358 158 581728.2376351329
248 358 182305.26572629836
79 358 681885.6362181593
158 79 739586.0650630875
287 386 655282.0950802377
287 79 451069.8708519093
386 79 571069.466265468
287 348 997720.6232550327
287 30 241698.7277234348
287 444 668672.281249853
217 386 404530.2943544121
217 327 948477.9028109083
87 361 146784.58552003937
361 30 278181.1825865969
361 493 160446.76374620682
361 255 570344.3780338565
361 367 986269.9261541904
367 87 986463.4910062826
182 287 264080.75059927074
182 348 472054.76557805913
182 30 622262.6101490944
90 205 383597.0975683115
90 246 593824.5269778629
90 348 860239.7754853528
90 182 773774.3150420255
111 367 4572.312377225218
111 87 922163.1568785192
383 127 789888.2582397994
383 246 926387.5337260854
127 246 858050.9520682397
383 306 175578.44841978076
383 3 837172.0421750861
416 351 213811.46897939264
351 413 514032.2848205541
246 351 299384.64822101383
164 351 423374.224583123
34 268 480451.4734044333
34 480 914348.6297104838
34 424 92934.8822144035
430 34 525688.7088655141
34 294 965934.0469946037
34 262 183120.60367730798
366 81 43511.733929121445
366 95 23729.559662820866
81 95 544590.8910252908
383 366 85070.79144304375
383 95 377744.2705147156
494 366 739709.7681353048
366 41 740617.790649467
366 3 888356.2400045989
96 494 839760.2291298686
96 441 170243.12408294095
81 96 789781.865761319
81 441 57687.62711489217
96 366 390175.8008720221
81 247 941976.5829901237
247 95 245405.65558085113
247 441 677993.6294127464
247 408 720361.0114728233
443 247 240048.81384131315
247 372 160724.4906595462
65 104 977295.5179527586
104 269 586822.0129718602
104 234 235359.5710807196
104 110 50593.35397730092
104 378 419124.59276572656
104 194 647391.164801945
103 104 900743.7915541476
244 429 288996.3642205252
244 224 358942.11490146274
368 244 892606.348992579
228 244 846542.4008388604
175 423 246836.24462945596
423 371 366566.5369055188
228 423 140635.64711055753
228 175 418907.3547337991
423 226 889072.2477893648
220 125 526434.7731240792
220 308 629874.5696520236
385 220 551813.5020706193
220 356 355830.9923666134
220 438 454737.6351028964
137 385 372716.8430070763
137 47 65529.60360443205
137 55 924159.4840788598
391 137 307887.3618698853
137 220 304508.4497080501
137 438 416060.06839303277
407 111 684468.9920724882
407 172 202905.00310052917
111 172 844847.4468552199
407 367 238521.41948893247
438 407 578497.0591185525
53 407 897095.2395555906
407 181 813631.6398478284
386 362 837990.4459743903
362 79 942553.5793413506
217 362 256143.858023661
362 158 924868.219039701
362 327 786885.7258641701
418 127 348793.3888014282
418 30 45899.99051145144
182 418 790496.441871289
90 418 416171.42568929086
418 246 178624.59817244037
127 67 978923.798327012
67 87 11413.965652098512
67 111 115554.4991988493
383 67 396455.982256771
67 172 714811.0757700341
376 164 627568.112266325
376 413 909535.8295769527
351 376 199030.25559708243
20 228 264516.92146325833
20 175 695686.4151056877
20 244 727091.1073609325
429 20 461182.6602276858
364 383 704380.1991959211
364 95 323380.7405778323
364 67 482202.88739902404
364 172 877973.0159532225
364 372 52149.768006091836
364 247 355960.0734937297
