100 285
0 530682.0109620512 93253.82504820856
1 902152.6989991058 578942.6914047839
2 717484.1756535745 345092.03570021305
3 710545.3996589987 22312.3628480163
4 596012.4669220446 234786.79398797298
5 929142.8088791937 888363.8294097178
6 818796.5277658245 156995.15429680567
7 368715.33646582114 73658.51333931684
8 759548.5944124939 225823.19124101568
9 216413.34442761063 920367.6229867092
10 838160.566548035 957207.7971935944
11 491274.3744184588 19439.90965647491
12 622635.7013217824 272926.07870844385
13 659719.3791322792 885910.8119670787
14 687572.717498302 713601.863176487
15 716418.9211237006 810812.433278433
16 732439.0690915785 798643.2052257014
17 703011.5645013816 605502.781956237
18 710879.121741829 243803.3491584446
19 961483.0074656869 724186.5525589485
20 886446.6296955481 965076.9901430986
21 604863.266219046 239151.17878351055
22 771686.8775109279 542948.4211335091
23 701644.1188906137 845597.2213357005
24 449177.43073252816 240183.9327400871
25 696908.5876525262 420877.94367226015
26 207292.33301351368 269288.0979256734
27 561113.6917139771 950865.8204837459
28 541078.7094944445 990527.0160895368
29 904350.9843117945 396174.4413259615
30 833102.3938186885 143947.10995894411
31 946896.970717994 951154.4048798097
32 142724.70056919006 884959.7820115597
33 550559.6496165388 263284.28028993035
34 690960.6599283424 295035.41318156157
35 820795.4723890532 123785.95005204107
36 567.7006022036801 560199.3199899181
37 424010.20938060974 967537.3530400415
38 924974.6307375926 348089.6018473527
39 838976.9345917302 26382.787438314015
40 534514.3463763155 737062.6708386673
41 541308.8181270127 707995.4633914718
42 988957.5484940979 795821.3362368438
43 156419.88973779508 484642.38608579204
44 997917.0662070225 786279.2573639661
45 882922.3620417647 858210.6523832006
46 767690.3616546951 308326.21914556477
47 226044.1457403225 4625.616802897414
48 437266.2319900126 940552.7702119638
49 532168.0316155276 427083.72179899167
50 92124.52016713857 697155.6931219103
51 49607.366707387526 498968.406355591
52 593190.4222781311 815697.3251354779
53 950403.6204065849 439878.6974797686
54 961440.2727203459 775297.6556617863
55 335369.90683862334 544821.3734334824
56 929653.0234833325 545978.3365552254
57 49393.77515758492 943349.6616473183
58 132903.81609796008 400478.7720482569
59 521402.1089945317 440024.2188983876
60 657078.0109264815 156351.94540992714
61 169131.05657750583 188320.55353584155
62 162486.8154533986 248489.75353846725
63 643893.1276727858 884733.789636921
64 511966.74963782675 138571.49154274917
65 57665.2631747141 327359.3053069401
66 390341.929864084 360043.72467970167
67 342750.1205268104 94324.53920329276
68 86395.41320827315 272032.8967214263
69 695025.5728097424 219152.25717900312
70 977558.3288366441 741925.6097371988
71 567137.2826839607 298585.64440329483
72 568380.445005474 439793.9910383005
73 865036.8146766487 594240.3831299251
74 883461.6677745705 11791.318532564987
75 297385.12224621436 840846.9356391777
76 402796.5685251802 220830.52670672076
77 415832.97169022914 759007.9155688898
78 964887.9917526706 410156.21199761255
79 84440.84816249208 22349.708318899487
80 69876.53083043732 234529.63776361747
81 406094.7076082166 499762.8643075326
82 985914.8475418611 957321.2912888745
83 930900.1433222519 80714.53371664383
84 304625.2783295854 683226.1341824799
85 995998.7993960137 390635.76975070266
86 34530.524009850575 889481.5369231375
87 83386.01060066452 577397.0937652133
88 520311.62466305215 105813.70901671283
89 811490.5120498006 219795.5966014715
90 799943.4303033211 317254.35560302064
91 439936.9702303202 116082.93015698146
92 377496.9566665143 656199.9239869073
93 177868.41996032555 570151.067881879
94 250580.63695803346 457831.6019148431
95 877032.0181526004 99103.87439998925
96 120176.41476711705 65028.40398081555
97 261504.3519270218 299481.35884185845
98 429341.68960368045 453630.92750452494
99 511457.8115359114 931729.7686668431
74 11 
74 47 
11 47 
50 86 
50 36 
86 36 
96 79 
96 47 
79 47 
61 96 
61 47 
38 85 
38 78 
85 78 
71 25 
71 72 
25 72 
80 96 
80 61 
62 80 
62 61 
80 79 
79 36 
80 36 
80 65 
65 36 
26 62 
26 61 
56 1 
56 73 
1 73 
85 53 
53 78 
56 53 
56 85 
3 11 
3 74 
11 0 
3 0 
38 83 
83 85 
90 89 
90 38 
89 38 
33 71 
33 24 
71 24 
11 7 
7 47 
91 7 
91 11 
49 71 
49 72 
65 51 
51 36 
93 94 
93 55 
94 55 
94 43 
93 43 
80 68 
68 65 
68 62 
58 51 
58 65 
51 43 
58 43 
68 58 
58 94 
26 58 
58 62 
58 97 
26 97 
94 97 
42 54 
42 44 
54 44 
54 5 
42 5 
82 42 
82 44 
5 82 
1 19 
19 73 
19 56 
19 16 
16 73 
29 90 
29 38 
29 78 
53 29 
90 25 
29 25 
29 56 
64 33 
64 24 
91 64 
91 24 
76 91 
76 24 
59 49 
59 72 
66 94 
66 97 
94 98 
66 98 
76 66 
76 97 
66 24 
71 66 
49 66 
66 59 
59 98 
87 51 
87 43 
93 87 
87 36 
87 50 
93 50 
70 56 
70 85 
70 19 
70 44 
85 44 
54 70 
19 54 
45 19 
45 54 
45 16 
45 5 
25 17 
17 72 
81 92 
81 55 
92 55 
94 81 
81 98 
59 81 
84 93 
84 55 
92 84 
84 50 
39 3 
39 74 
39 35 
35 3 
89 30 
30 38 
30 83 
2 90 
2 25 
71 2 
12 2 
12 71 
64 4 
4 33 
64 88 
64 0 
88 0 
88 91 
88 11 
67 7 
67 91 
76 67 
67 61 
67 47 
67 26 
67 97 
17 22 
17 73 
22 73 
22 25 
29 22 
22 56 
16 14 
14 73 
14 17 
45 23 
23 16 
27 13 
27 28 
13 28 
20 45 
20 5 
30 95 
95 83 
95 35 
30 35 
39 95 
83 74 
95 74 
8 46 
8 18 
46 18 
2 46 
46 90 
46 89 
8 89 
6 30 
6 89 
8 6 
6 35 
69 8 
69 18 
12 69 
12 18 
60 64 
60 0 
60 4 
3 60 
35 60 
6 60 
60 8 
69 60 
41 14 
41 52 
14 52 
41 17 
81 41 
41 92 
41 59 
41 72 
32 86 
32 50 
86 57 
32 57 
32 9 
9 57 
32 75 
75 9 
84 75 
75 50 
37 28 
37 57 
28 57 
9 37 
75 37 
37 48 
75 48 
15 23 
15 52 
23 52 
15 16 
14 15 
63 27 
63 52 
27 52 
63 13 
23 63 
23 13 
99 27 
99 28 
37 99 
99 48 
99 52 
31 5 
31 82 
20 31 
20 82 
23 10 
10 13 
10 28 
10 20 
20 28 
10 45 
46 34 
34 18 
34 2 
34 12 
21 69 
21 12 
21 71 
60 21 
21 4 
33 21 
75 77 
77 48 
77 99 
41 77 
77 92 
77 84 
99 40 
40 52 
77 40 
40 41 
